3 
------------------------------------------------------------ 
CSHORE applied to idealized planar slope 
------------------------------------------------------------ 
1                                         ->ILINE
1                                         ->IPROFL
0                                         ->ISEDAV
0                                         ->IPERM
1                                         ->IOVER
0                                         ->IWTRAN
0                                         ->IPOND
0                                         ->INFILT
0                                         ->IWCINT
0                                         ->IROLL 
0                                         ->IWIND 
0                                         ->ITIDE 
0                                         ->IVEG  
     1.0000                                ->DXC
     0.8000                                ->GAMMA 
     0.3000     0.0448     2.6500         ->D50 WF SG
     0.0050     0.0100     0.5000     0.1000              ->EFFB EFFF SLP
     0.6300     0.0010                    ->TANPHI BLP
     0.0200                               ->RWH 
0                                         ->ILAB
3                                         ->NWAVE 
3                                         ->NSURGE 
       0.00     8.0000     2.1000    10.0000
    3600.00     8.0000     2.2000    10.0000
    7200.00     8.0000     2.3000    10.0000
   10800.00     8.0000     2.4000    10.0000
       0.00     0.0000
    3600.00     0.5000
    7200.00     0.8660
   10800.00     1.0000
301                                  ->NBINP 
     0.0000    -8.0000     0.0150
     1.0000    -8.0000     0.0150
     2.0000    -8.0000     0.0150
     3.0000    -8.0000     0.0150
     4.0000    -8.0000     0.0150
     5.0000    -8.0000     0.0150
     6.0000    -8.0000     0.0150
     7.0000    -8.0000     0.0150
     8.0000    -8.0000     0.0150
     9.0000    -8.0000     0.0150
    10.0000    -8.0000     0.0150
    11.0000    -8.0000     0.0150
    12.0000    -8.0000     0.0150
    13.0000    -8.0000     0.0150
    14.0000    -8.0000     0.0150
    15.0000    -8.0000     0.0150
    16.0000    -8.0000     0.0150
    17.0000    -8.0000     0.0150
    18.0000    -8.0000     0.0150
    19.0000    -8.0000     0.0150
    20.0000    -8.0000     0.0150
    21.0000    -8.0000     0.0150
    22.0000    -8.0000     0.0150
    23.0000    -8.0000     0.0150
    24.0000    -8.0000     0.0150
    25.0000    -8.0000     0.0150
    26.0000    -8.0000     0.0150
    27.0000    -8.0000     0.0150
    28.0000    -8.0000     0.0150
    29.0000    -8.0000     0.0150
    30.0000    -8.0000     0.0150
    31.0000    -8.0000     0.0150
    32.0000    -8.0000     0.0150
    33.0000    -8.0000     0.0150
    34.0000    -8.0000     0.0150
    35.0000    -8.0000     0.0150
    36.0000    -8.0000     0.0150
    37.0000    -8.0000     0.0150
    38.0000    -8.0000     0.0150
    39.0000    -8.0000     0.0150
    40.0000    -8.0000     0.0150
    41.0000    -8.0000     0.0150
    42.0000    -8.0000     0.0150
    43.0000    -8.0000     0.0150
    44.0000    -8.0000     0.0150
    45.0000    -8.0000     0.0150
    46.0000    -8.0000     0.0150
    47.0000    -8.0000     0.0150
    48.0000    -8.0000     0.0150
    49.0000    -8.0000     0.0150
    50.0000    -8.0000     0.0150
    51.0000    -8.0000     0.0150
    52.0000    -8.0000     0.0150
    53.0000    -8.0000     0.0150
    54.0000    -8.0000     0.0150
    55.0000    -8.0000     0.0150
    56.0000    -8.0000     0.0150
    57.0000    -8.0000     0.0150
    58.0000    -8.0000     0.0150
    59.0000    -8.0000     0.0150
    60.0000    -8.0000     0.0150
    61.0000    -8.0000     0.0150
    62.0000    -8.0000     0.0150
    63.0000    -8.0000     0.0150
    64.0000    -8.0000     0.0150
    65.0000    -8.0000     0.0150
    66.0000    -8.0000     0.0150
    67.0000    -8.0000     0.0150
    68.0000    -8.0000     0.0150
    69.0000    -8.0000     0.0150
    70.0000    -8.0000     0.0150
    71.0000    -8.0000     0.0150
    72.0000    -8.0000     0.0150
    73.0000    -8.0000     0.0150
    74.0000    -8.0000     0.0150
    75.0000    -8.0000     0.0150
    76.0000    -8.0000     0.0150
    77.0000    -8.0000     0.0150
    78.0000    -8.0000     0.0150
    79.0000    -8.0000     0.0150
    80.0000    -8.0000     0.0150
    81.0000    -8.0000     0.0150
    82.0000    -8.0000     0.0150
    83.0000    -8.0000     0.0150
    84.0000    -8.0000     0.0150
    85.0000    -8.0000     0.0150
    86.0000    -8.0000     0.0150
    87.0000    -8.0000     0.0150
    88.0000    -8.0000     0.0150
    89.0000    -8.0000     0.0150
    90.0000    -8.0000     0.0150
    91.0000    -8.0000     0.0150
    92.0000    -8.0000     0.0150
    93.0000    -8.0000     0.0150
    94.0000    -8.0000     0.0150
    95.0000    -8.0000     0.0150
    96.0000    -8.0000     0.0150
    97.0000    -8.0000     0.0150
    98.0000    -8.0000     0.0150
    99.0000    -8.0000     0.0150
   100.0000    -8.0000     0.0150
   101.0000    -7.9200     0.0150
   102.0000    -7.8400     0.0150
   103.0000    -7.7600     0.0150
   104.0000    -7.6800     0.0150
   105.0000    -7.6000     0.0150
   106.0000    -7.5200     0.0150
   107.0000    -7.4400     0.0150
   108.0000    -7.3600     0.0150
   109.0000    -7.2800     0.0150
   110.0000    -7.2000     0.0150
   111.0000    -7.1200     0.0150
   112.0000    -7.0400     0.0150
   113.0000    -6.9600     0.0150
   114.0000    -6.8800     0.0150
   115.0000    -6.8000     0.0150
   116.0000    -6.7200     0.0150
   117.0000    -6.6400     0.0150
   118.0000    -6.5600     0.0150
   119.0000    -6.4800     0.0150
   120.0000    -6.4000     0.0150
   121.0000    -6.3200     0.0150
   122.0000    -6.2400     0.0150
   123.0000    -6.1600     0.0150
   124.0000    -6.0800     0.0150
   125.0000    -6.0000     0.0150
   126.0000    -5.9200     0.0150
   127.0000    -5.8400     0.0150
   128.0000    -5.7600     0.0150
   129.0000    -5.6800     0.0150
   130.0000    -5.6000     0.0150
   131.0000    -5.5200     0.0150
   132.0000    -5.4400     0.0150
   133.0000    -5.3600     0.0150
   134.0000    -5.2800     0.0150
   135.0000    -5.2000     0.0150
   136.0000    -5.1200     0.0150
   137.0000    -5.0400     0.0150
   138.0000    -4.9600     0.0150
   139.0000    -4.8800     0.0150
   140.0000    -4.8000     0.0150
   141.0000    -4.7200     0.0150
   142.0000    -4.6400     0.0150
   143.0000    -4.5600     0.0150
   144.0000    -4.4800     0.0150
   145.0000    -4.4000     0.0150
   146.0000    -4.3200     0.0150
   147.0000    -4.2400     0.0150
   148.0000    -4.1600     0.0150
   149.0000    -4.0800     0.0150
   150.0000    -4.0000     0.0150
   151.0000    -3.9200     0.0150
   152.0000    -3.8400     0.0150
   153.0000    -3.7600     0.0150
   154.0000    -3.6800     0.0150
   155.0000    -3.6000     0.0150
   156.0000    -3.5200     0.0150
   157.0000    -3.4400     0.0150
   158.0000    -3.3600     0.0150
   159.0000    -3.2800     0.0150
   160.0000    -3.2000     0.0150
   161.0000    -3.1200     0.0150
   162.0000    -3.0400     0.0150
   163.0000    -2.9600     0.0150
   164.0000    -2.8800     0.0150
   165.0000    -2.8000     0.0150
   166.0000    -2.7200     0.0150
   167.0000    -2.6400     0.0150
   168.0000    -2.5600     0.0150
   169.0000    -2.4800     0.0150
   170.0000    -2.4000     0.0150
   171.0000    -2.3200     0.0150
   172.0000    -2.2400     0.0150
   173.0000    -2.1600     0.0150
   174.0000    -2.0800     0.0150
   175.0000    -2.0000     0.0150
   176.0000    -1.9200     0.0150
   177.0000    -1.8400     0.0150
   178.0000    -1.7600     0.0150
   179.0000    -1.6800     0.0150
   180.0000    -1.6000     0.0150
   181.0000    -1.5200     0.0150
   182.0000    -1.4400     0.0150
   183.0000    -1.3600     0.0150
   184.0000    -1.2800     0.0150
   185.0000    -1.2000     0.0150
   186.0000    -1.1200     0.0150
   187.0000    -1.0400     0.0150
   188.0000    -0.9600     0.0150
   189.0000    -0.8800     0.0150
   190.0000    -0.8000     0.0150
   191.0000    -0.7200     0.0150
   192.0000    -0.6400     0.0150
   193.0000    -0.5600     0.0150
   194.0000    -0.4800     0.0150
   195.0000    -0.4000     0.0150
   196.0000    -0.3200     0.0150
   197.0000    -0.2400     0.0150
   198.0000    -0.1600     0.0150
   199.0000    -0.0800     0.0150
   200.0000     0.0000     0.0150
   201.0000     0.0800     0.0150
   202.0000     0.1600     0.0150
   203.0000     0.2400     0.0150
   204.0000     0.3200     0.0150
   205.0000     0.4001     0.0150
   206.0000     0.4801     0.0150
   207.0000     0.5602     0.0150
   208.0000     0.6403     0.0150
   209.0000     0.7204     0.0150
   210.0000     0.8006     0.0150
   211.0000     0.8809     0.0150
   212.0000     0.9613     0.0150
   213.0000     1.0420     0.0150
   214.0000     1.1228     0.0150
   215.0000     1.2041     0.0150
   216.0000     1.2858     0.0150
   217.0000     1.3682     0.0150
   218.0000     1.4514     0.0150
   219.0000     1.5358     0.0150
   220.0000     1.6216     0.0150
   221.0000     1.7094     0.0150
   222.0000     1.7995     0.0150
   223.0000     1.8928     0.0150
   224.0000     1.9898     0.0150
   225.0000     2.0916     0.0150
   226.0000     2.1990     0.0150
   227.0000     2.3134     0.0150
   228.0000     2.4358     0.0150
   229.0000     2.5678     0.0150
   230.0000     2.7109     0.0150
   231.0000     2.8665     0.0150
   232.0000     3.0363     0.0150
   233.0000     3.2218     0.0150
   234.0000     3.4243     0.0150
   235.0000     3.6451     0.0150
   236.0000     3.8850     0.0150
   237.0000     4.1446     0.0150
   238.0000     4.4240     0.0150
   239.0000     4.7227     0.0150
   240.0000     5.0394     0.0150
   241.0000     5.3724     0.0150
   242.0000     5.7192     0.0150
   243.0000     6.0765     0.0150
   244.0000     6.4402     0.0150
   245.0000     6.8059     0.0150
   246.0000     7.1684     0.0150
   247.0000     7.5222     0.0150
   248.0000     7.8615     0.0150
   249.0000     8.1807     0.0150
   250.0000     8.4742     0.0150
   251.0000     8.7368     0.0150
   252.0000     8.9639     0.0150
   253.0000     9.1519     0.0150
   254.0000     9.2978     0.0150
   255.0000     9.4000     0.0150
   256.0000     9.4578     0.0150
   257.0000     9.4719     0.0150
   258.0000     9.4439     0.0150
   259.0000     9.3768     0.0150
   260.0000     9.2742     0.0150
   261.0000     9.1407     0.0150
   262.0000     8.9815     0.0150
   263.0000     8.8022     0.0150
   264.0000     8.6084     0.0150
   265.0000     8.4059     0.0150
   266.0000     8.2002     0.0150
   267.0000     7.9965     0.0150
   268.0000     7.7992     0.0150
   269.0000     7.6124     0.0150
   270.0000     7.4394     0.0150
   271.0000     7.2827     0.0150
   272.0000     7.1440     0.0150
   273.0000     7.0246     0.0150
   274.0000     6.9250     0.0150
   275.0000     6.8451     0.0150
   276.0000     6.7843     0.0150
   277.0000     6.7418     0.0150
   278.0000     6.7163     0.0150
   279.0000     6.7065     0.0150
   280.0000     6.7109     0.0150
   281.0000     6.7278     0.0150
   282.0000     6.7558     0.0150
   283.0000     6.7934     0.0150
   284.0000     6.8390     0.0150
   285.0000     6.8916     0.0150
   286.0000     6.9498     0.0150
   287.0000     7.0128     0.0150
   288.0000     7.0795     0.0150
   289.0000     7.1494     0.0150
   290.0000     7.2216     0.0150
   291.0000     7.2958     0.0150
   292.0000     7.3714     0.0150
   293.0000     7.4482     0.0150
   294.0000     7.5258     0.0150
   295.0000     7.6041     0.0150
   296.0000     7.6828     0.0150
   297.0000     7.7620     0.0150
   298.0000     7.8413     0.0150
   299.0000     7.9209     0.0150
   300.0000     8.0006     0.0150
