3 
------------------------------------------------------------ 
CSHORE applied to idealized planar slope 
------------------------------------------------------------ 
1                                         ->ILINE
0                                         ->IPROFL
0                                         ->IPERM
1                                         ->IOVER
0                                         ->IWTRAN
0                                         ->IPOND
0                                         ->IWCINT
1                                         ->IROLL 
0                                         ->IWIND 
0                                         ->ITIDE 
1                                         ->IVEG  
     0.0500                                ->DXC
     0.8000                                ->GAMMA 
     0.0200                               ->RWH 
1                                         ->ILAB
1                                         ->NWAVE 
1                                         ->NSURGE 
       0.00     2.5051     0.1013     0.0000     0.0000     0.0000
1001                                 ->NBINP 
   0.000000  -0.416041   0.015000
   0.050000  -0.416555   0.015000
   0.100000  -0.417068   0.015000
   0.150000  -0.417582   0.015000
   0.200000  -0.418096   0.015000
   0.250000  -0.418609   0.015000
   0.300000  -0.419123   0.015000
   0.350000  -0.419637   0.015000
   0.400000  -0.420150   0.015000
   0.450000  -0.420664   0.015000
   0.500000  -0.421178   0.015000
   0.550000  -0.421691   0.015000
   0.600000  -0.422205   0.015000
   0.650000  -0.422718   0.015000
   0.700000  -0.423232   0.015000
   0.750000  -0.423746   0.015000
   0.800000  -0.424259   0.015000
   0.850000  -0.424773   0.015000
   0.900000  -0.425287   0.015000
   0.950000  -0.425800   0.015000
   1.000000  -0.426314   0.015000
   1.050000  -0.426827   0.015000
   1.100000  -0.427341   0.015000
   1.150000  -0.427855   0.015000
   1.200000  -0.428368   0.015000
   1.250000  -0.428882   0.015000
   1.300000  -0.429396   0.015000
   1.350000  -0.429909   0.015000
   1.400000  -0.430423   0.015000
   1.450000  -0.430936   0.015000
   1.500000  -0.431450   0.015000
   1.550000  -0.431964   0.015000
   1.600000  -0.432477   0.015000
   1.650000  -0.432991   0.015000
   1.700000  -0.433505   0.015000
   1.750000  -0.434018   0.015000
   1.800000  -0.434532   0.015000
   1.850000  -0.435045   0.015000
   1.900000  -0.435559   0.015000
   1.950000  -0.436073   0.015000
   2.000000  -0.436586   0.015000
   2.050000  -0.437100   0.015000
   2.100000  -0.437614   0.015000
   2.150000  -0.438127   0.015000
   2.200000  -0.438641   0.015000
   2.250000  -0.439154   0.015000
   2.300000  -0.439668   0.015000
   2.350000  -0.440182   0.015000
   2.400000  -0.440695   0.015000
   2.450000  -0.441209   0.015000
   2.500000  -0.441723   0.015000
   2.550000  -0.442236   0.015000
   2.600000  -0.442750   0.015000
   2.650000  -0.443263   0.015000
   2.700000  -0.443777   0.015000
   2.750000  -0.444291   0.015000
   2.800000  -0.444804   0.015000
   2.850000  -0.445318   0.015000
   2.900000  -0.445832   0.015000
   2.950000  -0.446345   0.015000
   3.000000  -0.446859   0.015000
   3.050000  -0.447372   0.015000
   3.100000  -0.447886   0.015000
   3.150000  -0.448400   0.015000
   3.200000  -0.448913   0.015000
   3.250000  -0.449427   0.015000
   3.300000  -0.449941   0.015000
   3.350000  -0.450454   0.015000
   3.400000  -0.450968   0.015000
   3.450000  -0.451481   0.015000
   3.500000  -0.451995   0.015000
   3.550000  -0.452509   0.015000
   3.600000  -0.453022   0.015000
   3.650000  -0.453536   0.015000
   3.700000  -0.454050   0.015000
   3.750000  -0.454563   0.015000
   3.800000  -0.455077   0.015000
   3.850000  -0.455590   0.015000
   3.900000  -0.456104   0.015000
   3.950000  -0.456618   0.015000
   4.000000  -0.457131   0.015000
   4.050000  -0.457645   0.015000
   4.100000  -0.458159   0.015000
   4.150000  -0.458672   0.015000
   4.200000  -0.459186   0.015000
   4.250000  -0.459699   0.015000
   4.300000  -0.460213   0.015000
   4.350000  -0.460727   0.015000
   4.400000  -0.461240   0.015000
   4.450000  -0.461754   0.015000
   4.500000  -0.462268   0.015000
   4.550000  -0.462781   0.015000
   4.600000  -0.463295   0.015000
   4.650000  -0.463808   0.015000
   4.700000  -0.464322   0.015000
   4.750000  -0.464836   0.015000
   4.800000  -0.465349   0.015000
   4.850000  -0.465863   0.015000
   4.900000  -0.466377   0.015000
   4.950000  -0.466890   0.015000
   5.000000  -0.467404   0.015000
   5.050000  -0.467917   0.015000
   5.100000  -0.468431   0.015000
   5.150000  -0.468945   0.015000
   5.200000  -0.469458   0.015000
   5.250000  -0.469972   0.015000
   5.300000  -0.470486   0.015000
   5.350000  -0.470999   0.015000
   5.400000  -0.471513   0.015000
   5.450000  -0.472026   0.015000
   5.500000  -0.472540   0.015000
   5.550000  -0.473054   0.015000
   5.600000  -0.473567   0.015000
   5.650000  -0.474081   0.015000
   5.700000  -0.474595   0.015000
   5.750000  -0.475108   0.015000
   5.800000  -0.475622   0.015000
   5.850000  -0.476136   0.015000
   5.900000  -0.476649   0.015000
   5.950000  -0.477163   0.015000
   6.000000  -0.477676   0.015000
   6.050000  -0.478190   0.015000
   6.100000  -0.478704   0.015000
   6.150000  -0.479217   0.015000
   6.200000  -0.479731   0.015000
   6.250000  -0.480245   0.015000
   6.300000  -0.480758   0.015000
   6.350000  -0.481272   0.015000
   6.400000  -0.481785   0.015000
   6.450000  -0.482299   0.015000
   6.500000  -0.482813   0.015000
   6.550000  -0.483326   0.015000
   6.600000  -0.483840   0.015000
   6.650000  -0.484354   0.015000
   6.700000  -0.484867   0.015000
   6.750000  -0.485381   0.015000
   6.800000  -0.485894   0.015000
   6.850000  -0.486408   0.015000
   6.900000  -0.486922   0.015000
   6.950000  -0.487435   0.015000
   7.000000  -0.487949   0.015000
   7.050000  -0.488463   0.015000
   7.100000  -0.488976   0.015000
   7.150000  -0.489490   0.015000
   7.200000  -0.490003   0.015000
   7.250000  -0.490517   0.015000
   7.300000  -0.491031   0.015000
   7.350000  -0.491544   0.015000
   7.400000  -0.492058   0.015000
   7.450000  -0.492572   0.015000
   7.500000  -0.493085   0.015000
   7.550000  -0.493599   0.015000
   7.600000  -0.494112   0.015000
   7.650000  -0.494626   0.015000
   7.700000  -0.495140   0.015000
   7.750000  -0.495653   0.015000
   7.800000  -0.496167   0.015000
   7.850000  -0.496681   0.015000
   7.900000  -0.497194   0.015000
   7.950000  -0.497708   0.015000
   8.000000  -0.498221   0.015000
   8.050000  -0.498735   0.015000
   8.100000  -0.499249   0.015000
   8.150000  -0.499762   0.015000
   8.200000  -0.500276   0.015000
   8.250000  -0.500790   0.015000
   8.300000  -0.501303   0.015000
   8.350000  -0.501817   0.015000
   8.400000  -0.502330   0.015000
   8.450000  -0.502844   0.015000
   8.500000  -0.503358   0.015000
   8.550000  -0.503871   0.015000
   8.600000  -0.504385   0.015000
   8.650000  -0.504899   0.015000
   8.700000  -0.505412   0.015000
   8.750000  -0.505926   0.015000
   8.800000  -0.506439   0.015000
   8.850000  -0.506953   0.015000
   8.900000  -0.507467   0.015000
   8.950000  -0.507980   0.015000
   9.000000  -0.508494   0.015000
   9.050000  -0.509008   0.015000
   9.100000  -0.509521   0.015000
   9.150000  -0.510035   0.015000
   9.200000  -0.510548   0.015000
   9.250000  -0.511062   0.015000
   9.300000  -0.511576   0.015000
   9.350000  -0.512089   0.015000
   9.400000  -0.512603   0.015000
   9.450000  -0.513117   0.015000
   9.500000  -0.513630   0.015000
   9.550000  -0.514144   0.015000
   9.600000  -0.514657   0.015000
   9.650000  -0.515171   0.015000
   9.700000  -0.515685   0.015000
   9.750000  -0.516198   0.015000
   9.800000  -0.516712   0.015000
   9.850000  -0.517226   0.015000
   9.900000  -0.517739   0.015000
   9.950000  -0.518253   0.015000
  10.000000  -0.518766   0.015000
  10.050000  -0.519280   0.015000
  10.100000  -0.519794   0.015000
  10.150000  -0.520307   0.015000
  10.200000  -0.520821   0.015000
  10.250000  -0.521335   0.015000
  10.300000  -0.521848   0.015000
  10.350000  -0.522362   0.015000
  10.400000  -0.522875   0.015000
  10.450000  -0.523389   0.015000
  10.500000  -0.523903   0.015000
  10.550000  -0.524416   0.015000
  10.600000  -0.524930   0.015000
  10.650000  -0.525444   0.015000
  10.700000  -0.525957   0.015000
  10.750000  -0.526471   0.015000
  10.800000  -0.526984   0.015000
  10.850000  -0.527498   0.015000
  10.900000  -0.528012   0.015000
  10.950000  -0.528525   0.015000
  11.000000  -0.529039   0.015000
  11.050000  -0.529553   0.015000
  11.100000  -0.530066   0.015000
  11.150000  -0.530580   0.015000
  11.200000  -0.531093   0.015000
  11.250000  -0.531607   0.015000
  11.300000  -0.532121   0.015000
  11.350000  -0.532634   0.015000
  11.400000  -0.533148   0.015000
  11.450000  -0.533662   0.015000
  11.500000  -0.534175   0.015000
  11.550000  -0.534689   0.015000
  11.600000  -0.535203   0.015000
  11.650000  -0.535716   0.015000
  11.700000  -0.536230   0.015000
  11.750000  -0.536743   0.015000
  11.800000  -0.537257   0.015000
  11.850000  -0.537771   0.015000
  11.900000  -0.538284   0.015000
  11.950000  -0.538798   0.015000
  12.000000  -0.539312   0.015000
  12.050000  -0.539825   0.015000
  12.100000  -0.540339   0.015000
  12.150000  -0.540852   0.015000
  12.200000  -0.541366   0.015000
  12.250000  -0.541880   0.015000
  12.300000  -0.542393   0.015000
  12.350000  -0.542907   0.015000
  12.400000  -0.543421   0.015000
  12.450000  -0.543934   0.015000
  12.500000  -0.544448   0.015000
  12.550000  -0.544961   0.015000
  12.600000  -0.545475   0.015000
  12.650000  -0.545989   0.015000
  12.700000  -0.546502   0.015000
  12.750000  -0.547016   0.015000
  12.800000  -0.547530   0.015000
  12.850000  -0.548043   0.015000
  12.900000  -0.548557   0.015000
  12.950000  -0.549070   0.015000
  13.000000  -0.549584   0.015000
  13.050000  -0.550098   0.015000
  13.100000  -0.550611   0.015000
  13.150000  -0.551125   0.015000
  13.200000  -0.551639   0.015000
  13.250000  -0.552152   0.015000
  13.300000  -0.552666   0.015000
  13.350000  -0.553179   0.015000
  13.400000  -0.553693   0.015000
  13.450000  -0.554207   0.015000
  13.500000  -0.554720   0.015000
  13.550000  -0.555234   0.015000
  13.600000  -0.555748   0.015000
  13.650000  -0.556261   0.015000
  13.700000  -0.556775   0.015000
  13.750000  -0.557288   0.015000
  13.800000  -0.557802   0.015000
  13.850000  -0.558316   0.015000
  13.900000  -0.558829   0.015000
  13.950000  -0.559343   0.015000
  14.000000  -0.559857   0.015000
  14.050000  -0.560370   0.015000
  14.100000  -0.560884   0.015000
  14.150000  -0.561397   0.015000
  14.200000  -0.561911   0.015000
  14.250000  -0.562425   0.015000
  14.300000  -0.562938   0.015000
  14.350000  -0.563452   0.015000
  14.400000  -0.563966   0.015000
  14.450000  -0.564479   0.015000
  14.500000  -0.564993   0.015000
  14.550000  -0.565506   0.015000
  14.600000  -0.566020   0.015000
  14.650000  -0.566534   0.015000
  14.700000  -0.567047   0.015000
  14.750000  -0.567561   0.015000
  14.800000  -0.568075   0.015000
  14.850000  -0.568588   0.015000
  14.900000  -0.569102   0.015000
  14.950000  -0.569615   0.015000
  15.000000  -0.570129   0.015000
  15.050000  -0.570643   0.015000
  15.100000  -0.571156   0.015000
  15.150000  -0.571670   0.015000
  15.200000  -0.572184   0.015000
  15.250000  -0.572697   0.015000
  15.300000  -0.573211   0.015000
  15.350000  -0.573724   0.015000
  15.400000  -0.574238   0.015000
  15.450000  -0.574752   0.015000
  15.500000  -0.575265   0.015000
  15.550000  -0.575779   0.015000
  15.600000  -0.576293   0.015000
  15.650000  -0.576806   0.015000
  15.700000  -0.577320   0.015000
  15.750000  -0.577833   0.015000
  15.800000  -0.578347   0.015000
  15.850000  -0.578861   0.015000
  15.900000  -0.579374   0.015000
  15.950000  -0.579888   0.015000
  16.000000  -0.580402   0.015000
  16.050000  -0.580915   0.015000
  16.100000  -0.581429   0.015000
  16.150000  -0.581942   0.015000
  16.200000  -0.582456   0.015000
  16.250000  -0.582970   0.015000
  16.300000  -0.583483   0.015000
  16.350000  -0.583997   0.015000
  16.400000  -0.584511   0.015000
  16.450000  -0.585024   0.015000
  16.500000  -0.585538   0.015000
  16.550000  -0.585524   0.015000
  16.600000  -0.585510   0.015000
  16.650000  -0.585496   0.015000
  16.700000  -0.585482   0.015000
  16.750000  -0.585468   0.015000
  16.800000  -0.585454   0.015000
  16.850000  -0.585440   0.015000
  16.900000  -0.585426   0.015000
  16.950000  -0.585412   0.015000
  17.000000  -0.585398   0.015000
  17.050000  -0.585384   0.015000
  17.100000  -0.585370   0.015000
  17.150000  -0.585356   0.015000
  17.200000  -0.585342   0.015000
  17.250000  -0.585328   0.015000
  17.300000  -0.585314   0.015000
  17.350000  -0.585300   0.015000
  17.400000  -0.585286   0.015000
  17.450000  -0.585272   0.015000
  17.500000  -0.585258   0.015000
  17.550000  -0.585244   0.015000
  17.600000  -0.585230   0.015000
  17.650000  -0.585216   0.015000
  17.700000  -0.585202   0.015000
  17.750000  -0.585188   0.015000
  17.800000  -0.585174   0.015000
  17.850000  -0.585160   0.015000
  17.900000  -0.585146   0.015000
  17.950000  -0.585132   0.015000
  18.000000  -0.585118   0.015000
  18.050000  -0.585104   0.015000
  18.100000  -0.585090   0.015000
  18.150000  -0.585076   0.015000
  18.200000  -0.585062   0.015000
  18.250000  -0.585048   0.015000
  18.300000  -0.585034   0.015000
  18.350000  -0.585020   0.015000
  18.400000  -0.585006   0.015000
  18.450000  -0.584992   0.015000
  18.500000  -0.584978   0.015000
  18.550000  -0.584964   0.015000
  18.600000  -0.584950   0.015000
  18.650000  -0.584936   0.015000
  18.700000  -0.584922   0.015000
  18.750000  -0.584908   0.015000
  18.800000  -0.584894   0.015000
  18.850000  -0.584880   0.015000
  18.900000  -0.584866   0.015000
  18.950000  -0.584852   0.015000
  19.000000  -0.584838   0.015000
  19.050000  -0.584824   0.015000
  19.100000  -0.584810   0.015000
  19.150000  -0.584796   0.015000
  19.200000  -0.584782   0.015000
  19.250000  -0.584769   0.015000
  19.300000  -0.584755   0.015000
  19.350000  -0.584741   0.015000
  19.400000  -0.584727   0.015000
  19.450000  -0.584713   0.015000
  19.500000  -0.584699   0.015000
  19.550000  -0.584685   0.015000
  19.600000  -0.584671   0.015000
  19.650000  -0.584657   0.015000
  19.700000  -0.584643   0.015000
  19.750000  -0.584629   0.015000
  19.800000  -0.584615   0.015000
  19.850000  -0.584601   0.015000
  19.900000  -0.584587   0.015000
  19.950000  -0.584573   0.015000
  20.000000  -0.584559   0.015000
  20.050000  -0.584545   0.015000
  20.100000  -0.584531   0.015000
  20.150000  -0.584517   0.015000
  20.200000  -0.584503   0.015000
  20.250000  -0.584489   0.015000
  20.300000  -0.584475   0.015000
  20.350000  -0.584461   0.015000
  20.400000  -0.584447   0.015000
  20.450000  -0.584433   0.015000
  20.500000  -0.584419   0.015000
  20.550000  -0.584405   0.015000
  20.600000  -0.584391   0.015000
  20.650000  -0.584377   0.015000
  20.700000  -0.584363   0.015000
  20.750000  -0.584349   0.015000
  20.800000  -0.584335   0.015000
  20.850000  -0.584321   0.015000
  20.900000  -0.584307   0.015000
  20.950000  -0.584293   0.015000
  21.000000  -0.584279   0.015000
  21.050000  -0.584265   0.015000
  21.100000  -0.584251   0.015000
  21.150000  -0.584237   0.015000
  21.200000  -0.584223   0.015000
  21.250000  -0.584209   0.015000
  21.300000  -0.584195   0.015000
  21.350000  -0.584181   0.015000
  21.400000  -0.584167   0.015000
  21.450000  -0.584153   0.015000
  21.500000  -0.584139   0.015000
  21.550000  -0.584125   0.015000
  21.600000  -0.584111   0.015000
  21.650000  -0.584097   0.015000
  21.700000  -0.584083   0.015000
  21.750000  -0.584069   0.015000
  21.800000  -0.584055   0.015000
  21.850000  -0.584041   0.015000
  21.900000  -0.584027   0.015000
  21.950000  -0.584013   0.015000
  22.000000  -0.583999   0.015000
  22.050000  -0.583985   0.015000
  22.100000  -0.583971   0.015000
  22.150000  -0.583957   0.015000
  22.200000  -0.583943   0.015000
  22.250000  -0.583929   0.015000
  22.300000  -0.583915   0.015000
  22.350000  -0.583901   0.015000
  22.400000  -0.583887   0.015000
  22.450000  -0.583873   0.015000
  22.500000  -0.583859   0.015000
  22.550000  -0.583845   0.015000
  22.600000  -0.583831   0.015000
  22.650000  -0.583817   0.015000
  22.700000  -0.583803   0.015000
  22.750000  -0.583789   0.015000
  22.800000  -0.583775   0.015000
  22.850000  -0.583761   0.015000
  22.900000  -0.583747   0.015000
  22.950000  -0.583733   0.015000
  23.000000  -0.583719   0.015000
  23.050000  -0.583705   0.015000
  23.100000  -0.583691   0.015000
  23.150000  -0.583677   0.015000
  23.200000  -0.583663   0.015000
  23.250000  -0.583649   0.015000
  23.300000  -0.583635   0.015000
  23.350000  -0.583621   0.015000
  23.400000  -0.583607   0.015000
  23.450000  -0.583593   0.015000
  23.500000  -0.583579   0.015000
  23.550000  -0.583566   0.015000
  23.600000  -0.583552   0.015000
  23.650000  -0.583538   0.015000
  23.700000  -0.583524   0.015000
  23.750000  -0.583510   0.015000
  23.800000  -0.583496   0.015000
  23.850000  -0.583482   0.015000
  23.900000  -0.583468   0.015000
  23.950000  -0.583454   0.015000
  24.000000  -0.583440   0.015000
  24.050000  -0.583426   0.015000
  24.100000  -0.583412   0.015000
  24.150000  -0.583398   0.015000
  24.200000  -0.583384   0.015000
  24.250000  -0.583370   0.015000
  24.300000  -0.583356   0.015000
  24.350000  -0.583342   0.015000
  24.400000  -0.583328   0.015000
  24.450000  -0.583314   0.015000
  24.500000  -0.583300   0.015000
  24.550000  -0.583286   0.015000
  24.600000  -0.583272   0.015000
  24.650000  -0.583258   0.015000
  24.700000  -0.583244   0.015000
  24.750000  -0.583230   0.015000
  24.800000  -0.583216   0.015000
  24.850000  -0.583202   0.015000
  24.900000  -0.583188   0.015000
  24.950000  -0.583174   0.015000
  25.000000  -0.583160   0.015000
  25.050000  -0.583146   0.015000
  25.100000  -0.583132   0.015000
  25.150000  -0.583118   0.015000
  25.200000  -0.583104   0.015000
  25.250000  -0.583090   0.015000
  25.300000  -0.583076   0.015000
  25.350000  -0.583062   0.015000
  25.400000  -0.583048   0.015000
  25.450000  -0.583034   0.015000
  25.500000  -0.583020   0.015000
  25.550000  -0.583006   0.015000
  25.600000  -0.582992   0.015000
  25.650000  -0.582978   0.015000
  25.700000  -0.582964   0.015000
  25.750000  -0.582950   0.015000
  25.800000  -0.582936   0.015000
  25.850000  -0.582922   0.015000
  25.900000  -0.582908   0.015000
  25.950000  -0.582894   0.015000
  26.000000  -0.582880   0.015000
  26.050000  -0.582866   0.015000
  26.100000  -0.582852   0.015000
  26.150000  -0.582838   0.015000
  26.200000  -0.582824   0.015000
  26.250000  -0.582810   0.015000
  26.300000  -0.582796   0.015000
  26.350000  -0.582782   0.015000
  26.400000  -0.582768   0.015000
  26.450000  -0.582754   0.015000
  26.500000  -0.582740   0.015000
  26.550000  -0.582726   0.015000
  26.600000  -0.582712   0.015000
  26.650000  -0.582698   0.015000
  26.700000  -0.582684   0.015000
  26.750000  -0.582670   0.015000
  26.800000  -0.582656   0.015000
  26.850000  -0.582642   0.015000
  26.900000  -0.582628   0.015000
  26.950000  -0.582614   0.015000
  27.000000  -0.582600   0.015000
  27.050000  -0.582586   0.015000
  27.100000  -0.582572   0.015000
  27.150000  -0.582558   0.015000
  27.200000  -0.582544   0.015000
  27.250000  -0.582530   0.015000
  27.300000  -0.582516   0.015000
  27.350000  -0.582502   0.015000
  27.400000  -0.582488   0.015000
  27.450000  -0.582474   0.015000
  27.500000  -0.582460   0.015000
  27.550000  -0.582446   0.015000
  27.600000  -0.582432   0.015000
  27.650000  -0.582418   0.015000
  27.700000  -0.582404   0.015000
  27.750000  -0.582390   0.015000
  27.800000  -0.582377   0.015000
  27.850000  -0.582363   0.015000
  27.900000  -0.582349   0.015000
  27.950000  -0.582335   0.015000
  28.000000  -0.582321   0.015000
  28.050000  -0.582558   0.015000
  28.100000  -0.582795   0.015000
  28.150000  -0.583032   0.015000
  28.200000  -0.583269   0.015000
  28.250000  -0.583506   0.015000
  28.300000  -0.583743   0.015000
  28.350000  -0.583980   0.015000
  28.400000  -0.584216   0.015000
  28.450000  -0.584453   0.015000
  28.500000  -0.584690   0.015000
  28.550000  -0.584927   0.015000
  28.600000  -0.585164   0.015000
  28.650000  -0.585401   0.015000
  28.700000  -0.585638   0.015000
  28.750000  -0.585875   0.015000
  28.800000  -0.586112   0.015000
  28.850000  -0.586349   0.015000
  28.900000  -0.586586   0.015000
  28.950000  -0.586823   0.015000
  29.000000  -0.587060   0.015000
  29.050000  -0.587297   0.015000
  29.100000  -0.587534   0.015000
  29.150000  -0.587771   0.015000
  29.200000  -0.588008   0.015000
  29.250000  -0.588245   0.015000
  29.300000  -0.588482   0.015000
  29.350000  -0.588719   0.015000
  29.400000  -0.588956   0.015000
  29.450000  -0.589193   0.015000
  29.500000  -0.589430   0.015000
  29.550000  -0.589667   0.015000
  29.600000  -0.589904   0.015000
  29.650000  -0.590141   0.015000
  29.700000  -0.590378   0.015000
  29.750000  -0.590615   0.015000
  29.800000  -0.590852   0.015000
  29.850000  -0.591089   0.015000
  29.900000  -0.591326   0.015000
  29.950000  -0.591563   0.015000
  30.000000  -0.591800   0.015000
  30.050000  -0.592037   0.015000
  30.100000  -0.592274   0.015000
  30.150000  -0.592511   0.015000
  30.200000  -0.592748   0.015000
  30.250000  -0.592985   0.015000
  30.300000  -0.593222   0.015000
  30.350000  -0.593459   0.015000
  30.400000  -0.593696   0.015000
  30.450000  -0.593933   0.015000
  30.500000  -0.594170   0.015000
  30.550000  -0.594407   0.015000
  30.600000  -0.594644   0.015000
  30.650000  -0.594881   0.015000
  30.700000  -0.595118   0.015000
  30.750000  -0.595355   0.015000
  30.800000  -0.595592   0.015000
  30.850000  -0.595829   0.015000
  30.900000  -0.596066   0.015000
  30.950000  -0.596303   0.015000
  31.000000  -0.596540   0.015000
  31.050000  -0.596777   0.015000
  31.100000  -0.597014   0.015000
  31.150000  -0.597251   0.015000
  31.200000  -0.597488   0.015000
  31.250000  -0.597725   0.015000
  31.300000  -0.597962   0.015000
  31.350000  -0.598199   0.015000
  31.400000  -0.598436   0.015000
  31.450000  -0.598673   0.015000
  31.500000  -0.598910   0.015000
  31.550000  -0.599147   0.015000
  31.600000  -0.599384   0.015000
  31.650000  -0.599621   0.015000
  31.700000  -0.599858   0.015000
  31.750000  -0.600095   0.015000
  31.800000  -0.600332   0.015000
  31.850000  -0.600569   0.015000
  31.900000  -0.600806   0.015000
  31.950000  -0.601043   0.015000
  32.000000  -0.601280   0.015000
  32.050000  -0.601517   0.015000
  32.100000  -0.601754   0.015000
  32.150000  -0.601991   0.015000
  32.200000  -0.602228   0.015000
  32.250000  -0.602465   0.015000
  32.300000  -0.602702   0.015000
  32.350000  -0.602939   0.015000
  32.400000  -0.603176   0.015000
  32.450000  -0.603413   0.015000
  32.500000  -0.603650   0.015000
  32.550000  -0.603887   0.015000
  32.600000  -0.604124   0.015000
  32.650000  -0.604361   0.015000
  32.700000  -0.604598   0.015000
  32.750000  -0.604835   0.015000
  32.800000  -0.605072   0.015000
  32.850000  -0.605309   0.015000
  32.900000  -0.605546   0.015000
  32.950000  -0.605783   0.015000
  33.000000  -0.606020   0.015000
  33.050000  -0.606257   0.015000
  33.100000  -0.606494   0.015000
  33.150000  -0.606731   0.015000
  33.200000  -0.606968   0.015000
  33.250000  -0.607205   0.015000
  33.300000  -0.607442   0.015000
  33.350000  -0.607679   0.015000
  33.400000  -0.607916   0.015000
  33.450000  -0.608153   0.015000
  33.500000  -0.608390   0.015000
  33.550000  -0.608627   0.015000
  33.600000  -0.608864   0.015000
  33.650000  -0.609101   0.015000
  33.700000  -0.609338   0.015000
  33.750000  -0.609575   0.015000
  33.800000  -0.609812   0.015000
  33.850000  -0.610049   0.015000
  33.900000  -0.610286   0.015000
  33.950000  -0.610523   0.015000
  34.000000  -0.610760   0.015000
  34.050000  -0.610997   0.015000
  34.100000  -0.611234   0.015000
  34.150000  -0.611471   0.015000
  34.200000  -0.611708   0.015000
  34.250000  -0.611945   0.015000
  34.300000  -0.612182   0.015000
  34.350000  -0.612419   0.015000
  34.400000  -0.612656   0.015000
  34.450000  -0.612893   0.015000
  34.500000  -0.613130   0.015000
  34.550000  -0.613367   0.015000
  34.600000  -0.613604   0.015000
  34.650000  -0.613841   0.015000
  34.700000  -0.614078   0.015000
  34.750000  -0.614315   0.015000
  34.800000  -0.614552   0.015000
  34.850000  -0.614789   0.015000
  34.900000  -0.615026   0.015000
  34.950000  -0.615263   0.015000
  35.000000  -0.615500   0.015000
  35.050000  -0.615737   0.015000
  35.100000  -0.615974   0.015000
  35.150000  -0.616211   0.015000
  35.200000  -0.616448   0.015000
  35.250000  -0.616685   0.015000
  35.300000  -0.616922   0.015000
  35.350000  -0.617159   0.015000
  35.400000  -0.617396   0.015000
  35.450000  -0.617633   0.015000
  35.500000  -0.617870   0.015000
  35.550000  -0.618106   0.015000
  35.600000  -0.618343   0.015000
  35.650000  -0.618580   0.015000
  35.700000  -0.618817   0.015000
  35.750000  -0.619054   0.015000
  35.800000  -0.619291   0.015000
  35.850000  -0.619528   0.015000
  35.900000  -0.619765   0.015000
  35.950000  -0.620002   0.015000
  36.000000  -0.620239   0.015000
  36.050000  -0.620476   0.015000
  36.100000  -0.620713   0.015000
  36.150000  -0.620950   0.015000
  36.200000  -0.621187   0.015000
  36.250000  -0.621424   0.015000
  36.300000  -0.621661   0.015000
  36.350000  -0.621898   0.015000
  36.400000  -0.622135   0.015000
  36.450000  -0.622372   0.015000
  36.500000  -0.622609   0.015000
  36.550000  -0.622846   0.015000
  36.600000  -0.623083   0.015000
  36.650000  -0.623320   0.015000
  36.700000  -0.623557   0.015000
  36.750000  -0.623794   0.015000
  36.800000  -0.624031   0.015000
  36.850000  -0.624268   0.015000
  36.900000  -0.624505   0.015000
  36.950000  -0.624742   0.015000
  37.000000  -0.624979   0.015000
  37.050000  -0.625216   0.015000
  37.100000  -0.625453   0.015000
  37.150000  -0.625690   0.015000
  37.200000  -0.625927   0.015000
  37.250000  -0.626164   0.015000
  37.300000  -0.626401   0.015000
  37.350000  -0.626638   0.015000
  37.400000  -0.626875   0.015000
  37.450000  -0.627112   0.015000
  37.500000  -0.627349   0.015000
  37.550000  -0.627586   0.015000
  37.600000  -0.627823   0.015000
  37.650000  -0.628060   0.015000
  37.700000  -0.628297   0.015000
  37.750000  -0.628534   0.015000
  37.800000  -0.628771   0.015000
  37.850000  -0.629008   0.015000
  37.900000  -0.629245   0.015000
  37.950000  -0.629482   0.015000
  38.000000  -0.629719   0.015000
  38.050000  -0.629956   0.015000
  38.100000  -0.630193   0.015000
  38.150000  -0.630430   0.015000
  38.200000  -0.630667   0.015000
  38.250000  -0.630904   0.015000
  38.300000  -0.631141   0.015000
  38.350000  -0.631378   0.015000
  38.400000  -0.631615   0.015000
  38.450000  -0.631852   0.015000
  38.500000  -0.632089   0.015000
  38.550000  -0.632326   0.015000
  38.600000  -0.632563   0.015000
  38.650000  -0.632800   0.015000
  38.700000  -0.633037   0.015000
  38.750000  -0.633274   0.015000
  38.800000  -0.633511   0.015000
  38.850000  -0.633748   0.015000
  38.900000  -0.633985   0.015000
  38.950000  -0.634222   0.015000
  39.000000  -0.634459   0.015000
  39.050000  -0.634696   0.015000
  39.100000  -0.634933   0.015000
  39.150000  -0.635170   0.015000
  39.200000  -0.635407   0.015000
  39.250000  -0.635644   0.015000
  39.300000  -0.635881   0.015000
  39.350000  -0.636118   0.015000
  39.400000  -0.636355   0.015000
  39.450000  -0.636592   0.015000
  39.500000  -0.636829   0.015000
  39.550000  -0.637066   0.015000
  39.600000  -0.637303   0.015000
  39.650000  -0.637540   0.015000
  39.700000  -0.637777   0.015000
  39.750000  -0.638014   0.015000
  39.800000  -0.638251   0.015000
  39.850000  -0.638488   0.015000
  39.900000  -0.638725   0.015000
  39.950000  -0.638962   0.015000
  40.000000  -0.639199   0.015000
  40.050000  -0.639436   0.015000
  40.100000  -0.639673   0.015000
  40.150000  -0.639910   0.015000
  40.200000  -0.640147   0.015000
  40.250000  -0.640384   0.015000
  40.300000  -0.640621   0.015000
  40.350000  -0.640858   0.015000
  40.400000  -0.641095   0.015000
  40.450000  -0.641332   0.015000
  40.500000  -0.641569   0.015000
  40.550000  -0.641806   0.015000
  40.600000  -0.642043   0.015000
  40.650000  -0.642280   0.015000
  40.700000  -0.642517   0.015000
  40.750000  -0.642754   0.015000
  40.800000  -0.642991   0.015000
  40.850000  -0.643228   0.015000
  40.900000  -0.643465   0.015000
  40.950000  -0.643702   0.015000
  41.000000  -0.643939   0.015000
  41.050000  -0.644176   0.015000
  41.100000  -0.644413   0.015000
  41.150000  -0.644650   0.015000
  41.200000  -0.644887   0.015000
  41.250000  -0.645124   0.015000
  41.300000  -0.645361   0.015000
  41.350000  -0.645598   0.015000
  41.400000  -0.645835   0.015000
  41.450000  -0.646072   0.015000
  41.500000  -0.646309   0.015000
  41.550000  -0.646546   0.015000
  41.600000  -0.646783   0.015000
  41.650000  -0.647020   0.015000
  41.700000  -0.647257   0.015000
  41.750000  -0.647494   0.015000
  41.800000  -0.647731   0.015000
  41.850000  -0.647968   0.015000
  41.900000  -0.648205   0.015000
  41.950000  -0.648442   0.015000
  42.000000  -0.648679   0.015000
  42.050000  -0.648916   0.015000
  42.100000  -0.649153   0.015000
  42.150000  -0.649390   0.015000
  42.200000  -0.649627   0.015000
  42.250000  -0.649864   0.015000
  42.300000  -0.650101   0.015000
  42.350000  -0.650338   0.015000
  42.400000  -0.650575   0.015000
  42.450000  -0.650812   0.015000
  42.500000  -0.651049   0.015000
  42.550000  -0.651286   0.015000
  42.600000  -0.651523   0.015000
  42.650000  -0.651760   0.015000
  42.700000  -0.651997   0.015000
  42.750000  -0.652233   0.015000
  42.800000  -0.652470   0.015000
  42.850000  -0.652707   0.015000
  42.900000  -0.652944   0.015000
  42.950000  -0.653181   0.015000
  43.000000  -0.653418   0.015000
  43.050000  -0.653655   0.015000
  43.100000  -0.653892   0.015000
  43.150000  -0.654129   0.015000
  43.200000  -0.654366   0.015000
  43.250000  -0.654603   0.015000
  43.300000  -0.654840   0.015000
  43.350000  -0.655077   0.015000
  43.400000  -0.655314   0.015000
  43.450000  -0.655551   0.015000
  43.500000  -0.655788   0.015000
  43.550000  -0.656025   0.015000
  43.600000  -0.656262   0.015000
  43.650000  -0.656499   0.015000
  43.700000  -0.656736   0.015000
  43.750000  -0.656973   0.015000
  43.800000  -0.657210   0.015000
  43.850000  -0.647162   0.015000
  43.900000  -0.637113   0.015000
  43.950000  -0.627064   0.015000
  44.000000  -0.617015   0.015000
  44.050000  -0.606967   0.015000
  44.100000  -0.596918   0.015000
  44.150000  -0.586869   0.015000
  44.200000  -0.576821   0.015000
  44.250000  -0.566772   0.015000
  44.300000  -0.556723   0.015000
  44.350000  -0.546675   0.015000
  44.400000  -0.536626   0.015000
  44.450000  -0.526577   0.015000
  44.500000  -0.516528   0.015000
  44.550000  -0.506480   0.015000
  44.600000  -0.496431   0.015000
  44.650000  -0.486382   0.015000
  44.700000  -0.476334   0.015000
  44.750000  -0.466285   0.015000
  44.800000  -0.456236   0.015000
  44.850000  -0.446187   0.015000
  44.900000  -0.436139   0.015000
  44.950000  -0.426090   0.015000
  45.000000  -0.416041   0.015000
  45.050000  -0.409881   0.015000
  45.100000  -0.403720   0.015000
  45.150000  -0.397560   0.015000
  45.200000  -0.391400   0.015000
  45.250000  -0.385239   0.015000
  45.300000  -0.379079   0.015000
  45.350000  -0.372918   0.015000
  45.400000  -0.366758   0.015000
  45.450000  -0.360598   0.015000
  45.500000  -0.354437   0.015000
  45.550000  -0.348277   0.015000
  45.600000  -0.342116   0.015000
  45.650000  -0.335956   0.015000
  45.700000  -0.329795   0.015000
  45.750000  -0.323635   0.015000
  45.800000  -0.317475   0.015000
  45.850000  -0.311314   0.015000
  45.900000  -0.305154   0.015000
  45.950000  -0.298993   0.015000
  46.000000  -0.292833   0.015000
  46.050000  -0.286673   0.015000
  46.100000  -0.280512   0.015000
  46.150000  -0.274352   0.015000
  46.200000  -0.268191   0.015000
  46.250000  -0.262031   0.015000
  46.300000  -0.255871   0.015000
  46.350000  -0.249710   0.015000
  46.400000  -0.243550   0.015000
  46.450000  -0.237389   0.015000
  46.500000  -0.231229   0.015000
  46.550000  -0.225068   0.015000
  46.600000  -0.218908   0.015000
  46.650000  -0.212748   0.015000
  46.700000  -0.206587   0.015000
  46.750000  -0.200427   0.015000
  46.800000  -0.194266   0.015000
  46.850000  -0.188106   0.015000
  46.900000  -0.181946   0.015000
  46.950000  -0.175785   0.015000
  47.000000  -0.169625   0.015000
  47.050000  -0.163464   0.015000
  47.100000  -0.157304   0.015000
  47.150000  -0.151144   0.015000
  47.200000  -0.144983   0.015000
  47.250000  -0.138823   0.015000
  47.300000  -0.132662   0.015000
  47.350000  -0.126502   0.015000
  47.400000  -0.120341   0.015000
  47.450000  -0.114181   0.015000
  47.500000  -0.108021   0.015000
  47.550000  -0.101860   0.015000
  47.600000  -0.095700   0.015000
  47.650000  -0.089539   0.015000
  47.700000  -0.083379   0.015000
  47.750000  -0.077219   0.015000
  47.800000  -0.071058   0.015000
  47.850000  -0.064898   0.015000
  47.900000  -0.058737   0.015000
  47.950000  -0.052577   0.015000
  48.000000  -0.046416   0.015000
  48.050000  -0.040256   0.015000
  48.100000  -0.034096   0.015000
  48.150000  -0.027935   0.015000
  48.200000  -0.021775   0.015000
  48.250000  -0.015614   0.015000
  48.300000  -0.009454   0.015000
  48.350000  -0.003294   0.015000
  48.400000   0.002867   0.015000
  48.450000   0.009027   0.015000
  48.500000   0.015188   0.015000
  48.550000   0.021348   0.015000
  48.600000   0.027508   0.015000
  48.650000   0.033669   0.015000
  48.700000   0.039829   0.015000
  48.750000   0.045990   0.015000
  48.800000   0.052150   0.015000
  48.850000   0.058311   0.015000
  48.900000   0.064471   0.015000
  48.950000   0.070631   0.015000
  49.000000   0.076792   0.015000
  49.050000   0.082952   0.015000
  49.100000   0.089113   0.015000
  49.150000   0.095273   0.015000
  49.200000   0.101433   0.015000
  49.250000   0.107594   0.015000
  49.300000   0.113754   0.015000
  49.350000   0.119915   0.015000
  49.400000   0.126075   0.015000
  49.450000   0.132235   0.015000
  49.500000   0.138396   0.015000
  49.550000   0.144556   0.015000
  49.600000   0.150717   0.015000
  49.650000   0.156877   0.015000
  49.700000   0.163038   0.015000
  49.750000   0.169198   0.015000
  49.800000   0.175358   0.015000
  49.850000   0.181519   0.015000
  49.900000   0.187679   0.015000
  49.950000   0.193840   0.015000
  50.000000   0.200000   0.015000
  1.783529                                ->VEGCD
 424.000000   0.008000   0.210000   0.300000
 424.000000   0.008000   0.210000   0.300000
 424.000000   0.008000   0.210000   0.300000
 424.000000   0.008000   0.210000   0.300000
 424.000000   0.008000   0.210000   0.300000
 424.000000   0.008000   0.210000   0.300000
 424.000000   0.008000   0.210000   0.300000
 424.000000   0.008000   0.210000   0.300000
 424.000000   0.008000   0.210000   0.300000
 424.000000   0.008000   0.210000   0.300000
 424.000000   0.008000   0.210000   0.300000
 424.000000   0.008000   0.210000   0.300000
 424.000000   0.008000   0.210000   0.300000
 424.000000   0.008000   0.210000   0.300000
 424.000000   0.008000   0.210000   0.300000
 424.000000   0.008000   0.210000   0.300000
 424.000000   0.008000   0.210000   0.300000
 424.000000   0.008000   0.210000   0.300000
 424.000000   0.008000   0.210000   0.300000
 424.000000   0.008000   0.210000   0.300000
 424.000000   0.008000   0.210000   0.300000
 424.000000   0.008000   0.210000   0.300000
 424.000000   0.008000   0.210000   0.300000
 424.000000   0.008000   0.210000   0.300000
 424.000000   0.008000   0.210000   0.300000
 424.000000   0.008000   0.210000   0.300000
 424.000000   0.008000   0.210000   0.300000
 424.000000   0.008000   0.210000   0.300000
 424.000000   0.008000   0.210000   0.300000
 424.000000   0.008000   0.210000   0.300000
 424.000000   0.008000   0.210000   0.300000
 424.000000   0.008000   0.210000   0.300000
 424.000000   0.008000   0.210000   0.300000
 424.000000   0.008000   0.210000   0.300000
 424.000000   0.008000   0.210000   0.300000
 424.000000   0.008000   0.210000   0.300000
 424.000000   0.008000   0.210000   0.300000
 424.000000   0.008000   0.210000   0.300000
 424.000000   0.008000   0.210000   0.300000
 424.000000   0.008000   0.210000   0.300000
 424.000000   0.008000   0.210000   0.300000
 424.000000   0.008000   0.210000   0.300000
 424.000000   0.008000   0.210000   0.300000
 424.000000   0.008000   0.210000   0.300000
 424.000000   0.008000   0.210000   0.300000
 424.000000   0.008000   0.210000   0.300000
 424.000000   0.008000   0.210000   0.300000
 424.000000   0.008000   0.210000   0.300000
 424.000000   0.008000   0.210000   0.300000
 424.000000   0.008000   0.210000   0.300000
 424.000000   0.008000   0.210000   0.300000
 424.000000   0.008000   0.210000   0.300000
 424.000000   0.008000   0.210000   0.300000
 424.000000   0.008000   0.210000   0.300000
 424.000000   0.008000   0.210000   0.300000
 424.000000   0.008000   0.210000   0.300000
 424.000000   0.008000   0.210000   0.300000
 424.000000   0.008000   0.210000   0.300000
 424.000000   0.008000   0.210000   0.300000
 424.000000   0.008000   0.210000   0.300000
 424.000000   0.008000   0.210000   0.300000
 424.000000   0.008000   0.210000   0.300000
 424.000000   0.008000   0.210000   0.300000
 424.000000   0.008000   0.210000   0.300000
 424.000000   0.008000   0.210000   0.300000
 424.000000   0.008000   0.210000   0.300000
 424.000000   0.008000   0.210000   0.300000
 424.000000   0.008000   0.210000   0.300000
 424.000000   0.008000   0.210000   0.300000
 424.000000   0.008000   0.210000   0.300000
 424.000000   0.008000   0.210000   0.300000
 424.000000   0.008000   0.210000   0.300000
 424.000000   0.008000   0.210000   0.300000
 424.000000   0.008000   0.210000   0.300000
 424.000000   0.008000   0.210000   0.300000
 424.000000   0.008000   0.210000   0.300000
 424.000000   0.008000   0.210000   0.300000
 424.000000   0.008000   0.210000   0.300000
 424.000000   0.008000   0.210000   0.300000
 424.000000   0.008000   0.210000   0.300000
 424.000000   0.008000   0.210000   0.300000
 424.000000   0.008000   0.210000   0.300000
 424.000000   0.008000   0.210000   0.300000
 424.000000   0.008000   0.210000   0.300000
 424.000000   0.008000   0.210000   0.300000
 424.000000   0.008000   0.210000   0.300000
 424.000000   0.008000   0.210000   0.300000
 424.000000   0.008000   0.210000   0.300000
 424.000000   0.008000   0.210000   0.300000
 424.000000   0.008000   0.210000   0.300000
 424.000000   0.008000   0.210000   0.300000
 424.000000   0.008000   0.210000   0.300000
 424.000000   0.008000   0.210000   0.300000
 424.000000   0.008000   0.210000   0.300000
 424.000000   0.008000   0.210000   0.300000
 424.000000   0.008000   0.210000   0.300000
 424.000000   0.008000   0.210000   0.300000
 424.000000   0.008000   0.210000   0.300000
 424.000000   0.008000   0.210000   0.300000
 424.000000   0.008000   0.210000   0.300000
 424.000000   0.008000   0.210000   0.300000
 424.000000   0.008000   0.210000   0.300000
 424.000000   0.008000   0.210000   0.300000
 424.000000   0.008000   0.210000   0.300000
 424.000000   0.008000   0.210000   0.300000
 424.000000   0.008000   0.210000   0.300000
 424.000000   0.008000   0.210000   0.300000
 424.000000   0.008000   0.210000   0.300000
 424.000000   0.008000   0.210000   0.300000
 424.000000   0.008000   0.210000   0.300000
 424.000000   0.008000   0.210000   0.300000
 424.000000   0.008000   0.210000   0.300000
 424.000000   0.008000   0.210000   0.300000
 424.000000   0.008000   0.210000   0.300000
 424.000000   0.008000   0.210000   0.300000
 424.000000   0.008000   0.210000   0.300000
 424.000000   0.008000   0.210000   0.300000
 424.000000   0.008000   0.210000   0.300000
 424.000000   0.008000   0.210000   0.300000
 424.000000   0.008000   0.210000   0.300000
 424.000000   0.008000   0.210000   0.300000
 424.000000   0.008000   0.210000   0.300000
 424.000000   0.008000   0.210000   0.300000
 424.000000   0.008000   0.210000   0.300000
 424.000000   0.008000   0.210000   0.300000
 424.000000   0.008000   0.210000   0.300000
 424.000000   0.008000   0.210000   0.300000
 424.000000   0.008000   0.210000   0.300000
 424.000000   0.008000   0.210000   0.300000
 424.000000   0.008000   0.210000   0.300000
 424.000000   0.008000   0.210000   0.300000
 424.000000   0.008000   0.210000   0.300000
 424.000000   0.008000   0.210000   0.300000
 424.000000   0.008000   0.210000   0.300000
 424.000000   0.008000   0.210000   0.300000
 424.000000   0.008000   0.210000   0.300000
 424.000000   0.008000   0.210000   0.300000
 424.000000   0.008000   0.210000   0.300000
 424.000000   0.008000   0.210000   0.300000
 424.000000   0.008000   0.210000   0.300000
 424.000000   0.008000   0.210000   0.300000
 424.000000   0.008000   0.210000   0.300000
 424.000000   0.008000   0.210000   0.300000
 424.000000   0.008000   0.210000   0.300000
 424.000000   0.008000   0.210000   0.300000
 424.000000   0.008000   0.210000   0.300000
 424.000000   0.008000   0.210000   0.300000
 424.000000   0.008000   0.210000   0.300000
 424.000000   0.008000   0.210000   0.300000
 424.000000   0.008000   0.210000   0.300000
 424.000000   0.008000   0.210000   0.300000
 424.000000   0.008000   0.210000   0.300000
 424.000000   0.008000   0.210000   0.300000
 424.000000   0.008000   0.210000   0.300000
 424.000000   0.008000   0.210000   0.300000
 424.000000   0.008000   0.210000   0.300000
 424.000000   0.008000   0.210000   0.300000
 424.000000   0.008000   0.210000   0.300000
 424.000000   0.008000   0.210000   0.300000
 424.000000   0.008000   0.210000   0.300000
 424.000000   0.008000   0.210000   0.300000
 424.000000   0.008000   0.210000   0.300000
 424.000000   0.008000   0.210000   0.300000
 424.000000   0.008000   0.210000   0.300000
 424.000000   0.008000   0.210000   0.300000
 424.000000   0.008000   0.210000   0.300000
 424.000000   0.008000   0.210000   0.300000
 424.000000   0.008000   0.210000   0.300000
 424.000000   0.008000   0.210000   0.300000
 424.000000   0.008000   0.210000   0.300000
 424.000000   0.008000   0.210000   0.300000
 424.000000   0.008000   0.210000   0.300000
 424.000000   0.008000   0.210000   0.300000
 424.000000   0.008000   0.210000   0.300000
 424.000000   0.008000   0.210000   0.300000
 424.000000   0.008000   0.210000   0.300000
 424.000000   0.008000   0.210000   0.300000
 424.000000   0.008000   0.210000   0.300000
 424.000000   0.008000   0.210000   0.300000
 424.000000   0.008000   0.210000   0.300000
 424.000000   0.008000   0.210000   0.300000
 424.000000   0.008000   0.210000   0.300000
 424.000000   0.008000   0.210000   0.300000
 424.000000   0.008000   0.210000   0.300000
 424.000000   0.008000   0.210000   0.300000
 424.000000   0.008000   0.210000   0.300000
 424.000000   0.008000   0.210000   0.300000
 424.000000   0.008000   0.210000   0.300000
 424.000000   0.008000   0.210000   0.300000
 424.000000   0.008000   0.210000   0.300000
 424.000000   0.008000   0.210000   0.300000
 424.000000   0.008000   0.210000   0.300000
 424.000000   0.008000   0.210000   0.300000
 424.000000   0.008000   0.210000   0.300000
 424.000000   0.008000   0.210000   0.300000
 424.000000   0.008000   0.210000   0.300000
 424.000000   0.008000   0.210000   0.300000
 424.000000   0.008000   0.210000   0.300000
 424.000000   0.008000   0.210000   0.300000
 424.000000   0.008000   0.210000   0.300000
 424.000000   0.008000   0.210000   0.300000
 424.000000   0.008000   0.210000   0.300000
 424.000000   0.008000   0.210000   0.300000
 424.000000   0.008000   0.210000   0.300000
 424.000000   0.008000   0.210000   0.300000
 424.000000   0.008000   0.210000   0.300000
 424.000000   0.008000   0.210000   0.300000
 424.000000   0.008000   0.210000   0.300000
 424.000000   0.008000   0.210000   0.300000
 424.000000   0.008000   0.210000   0.300000
 424.000000   0.008000   0.210000   0.300000
 424.000000   0.008000   0.210000   0.300000
 424.000000   0.008000   0.210000   0.300000
 424.000000   0.008000   0.210000   0.300000
 424.000000   0.008000   0.210000   0.300000
 424.000000   0.008000   0.210000   0.300000
 424.000000   0.008000   0.210000   0.300000
 424.000000   0.008000   0.210000   0.300000
 424.000000   0.008000   0.210000   0.300000
 424.000000   0.008000   0.210000   0.300000
 424.000000   0.008000   0.210000   0.300000
 424.000000   0.008000   0.210000   0.300000
 424.000000   0.008000   0.210000   0.300000
 424.000000   0.008000   0.210000   0.300000
 424.000000   0.008000   0.210000   0.300000
 424.000000   0.008000   0.210000   0.300000
 424.000000   0.008000   0.210000   0.300000
 424.000000   0.008000   0.210000   0.300000
 424.000000   0.008000   0.210000   0.300000
 424.000000   0.008000   0.210000   0.300000
 424.000000   0.008000   0.210000   0.300000
 424.000000   0.008000   0.210000   0.300000
 424.000000   0.008000   0.210000   0.300000
 424.000000   0.008000   0.210000   0.300000
 424.000000   0.008000   0.210000   0.300000
 424.000000   0.008000   0.210000   0.300000
 424.000000   0.008000   0.210000   0.300000
 424.000000   0.008000   0.210000   0.300000
 424.000000   0.008000   0.210000   0.300000
 424.000000   0.008000   0.210000   0.300000
 424.000000   0.008000   0.210000   0.300000
 424.000000   0.008000   0.210000   0.300000
 424.000000   0.008000   0.210000   0.300000
 424.000000   0.008000   0.210000   0.300000
 424.000000   0.008000   0.210000   0.300000
 424.000000   0.008000   0.210000   0.300000
 424.000000   0.008000   0.210000   0.300000
 424.000000   0.008000   0.210000   0.300000
 424.000000   0.008000   0.210000   0.300000
 424.000000   0.008000   0.210000   0.300000
 424.000000   0.008000   0.210000   0.300000
 424.000000   0.008000   0.210000   0.300000
 424.000000   0.008000   0.210000   0.300000
 424.000000   0.008000   0.210000   0.300000
 424.000000   0.008000   0.210000   0.300000
 424.000000   0.008000   0.210000   0.300000
 424.000000   0.008000   0.210000   0.300000
 424.000000   0.008000   0.210000   0.300000
 424.000000   0.008000   0.210000   0.300000
 424.000000   0.008000   0.210000   0.300000
 424.000000   0.008000   0.210000   0.300000
 424.000000   0.008000   0.210000   0.300000
 424.000000   0.008000   0.210000   0.300000
 424.000000   0.008000   0.210000   0.300000
 424.000000   0.008000   0.210000   0.300000
 424.000000   0.008000   0.210000   0.300000
 424.000000   0.008000   0.210000   0.300000
 424.000000   0.008000   0.210000   0.300000
 424.000000   0.008000   0.210000   0.300000
 424.000000   0.008000   0.210000   0.300000
 424.000000   0.008000   0.210000   0.300000
 424.000000   0.008000   0.210000   0.300000
 424.000000   0.008000   0.210000   0.300000
 424.000000   0.008000   0.210000   0.300000
 424.000000   0.008000   0.210000   0.300000
 424.000000   0.008000   0.210000   0.300000
 424.000000   0.008000   0.210000   0.300000
 424.000000   0.008000   0.210000   0.300000
 424.000000   0.008000   0.210000   0.300000
 424.000000   0.008000   0.210000   0.300000
 424.000000   0.008000   0.210000   0.300000
 424.000000   0.008000   0.210000   0.300000
 424.000000   0.008000   0.210000   0.300000
 424.000000   0.008000   0.210000   0.300000
 424.000000   0.008000   0.210000   0.300000
 424.000000   0.008000   0.210000   0.300000
 424.000000   0.008000   0.210000   0.300000
 424.000000   0.008000   0.210000   0.300000
 424.000000   0.008000   0.210000   0.300000
 424.000000   0.008000   0.210000   0.300000
 424.000000   0.008000   0.210000   0.300000
 424.000000   0.008000   0.210000   0.300000
 424.000000   0.008000   0.210000   0.300000
 424.000000   0.008000   0.210000   0.300000
 424.000000   0.008000   0.210000   0.300000
 424.000000   0.008000   0.210000   0.300000
 424.000000   0.008000   0.210000   0.300000
 424.000000   0.008000   0.210000   0.300000
 424.000000   0.008000   0.210000   0.300000
 424.000000   0.008000   0.210000   0.300000
 424.000000   0.008000   0.210000   0.300000
 424.000000   0.008000   0.210000   0.300000
 424.000000   0.008000   0.210000   0.300000
 424.000000   0.008000   0.210000   0.300000
 424.000000   0.008000   0.210000   0.300000
 424.000000   0.008000   0.210000   0.300000
 424.000000   0.008000   0.210000   0.300000
 424.000000   0.008000   0.210000   0.300000
 424.000000   0.008000   0.210000   0.300000
 424.000000   0.008000   0.210000   0.300000
 424.000000   0.008000   0.210000   0.300000
 424.000000   0.008000   0.210000   0.300000
 424.000000   0.008000   0.210000   0.300000
 424.000000   0.008000   0.210000   0.300000
 424.000000   0.008000   0.210000   0.300000
 424.000000   0.008000   0.210000   0.300000
 424.000000   0.008000   0.210000   0.300000
 424.000000   0.008000   0.210000   0.300000
 424.000000   0.008000   0.210000   0.300000
 424.000000   0.008000   0.210000   0.300000
 424.000000   0.008000   0.210000   0.300000
 424.000000   0.008000   0.210000   0.300000
 424.000000   0.008000   0.210000   0.300000
 424.000000   0.008000   0.210000   0.300000
 424.000000   0.008000   0.210000   0.300000
 424.000000   0.008000   0.210000   0.300000
 424.000000   0.008000   0.210000   0.300000
 424.000000   0.008000   0.210000   0.300000
 424.000000   0.008000   0.210000   0.300000
 424.000000   0.008000   0.210000   0.300000
 424.000000   0.008000   0.210000   0.300000
   0.000000   0.000000   0.000000   0.000000
   0.000000   0.000000   0.000000   0.000000
   0.000000   0.000000   0.000000   0.000000
   0.000000   0.000000   0.000000   0.000000
   0.000000   0.000000   0.000000   0.000000
   0.000000   0.000000   0.000000   0.000000
   0.000000   0.000000   0.000000   0.000000
   0.000000   0.000000   0.000000   0.000000
   0.000000   0.000000   0.000000   0.000000
   0.000000   0.000000   0.000000   0.000000
   0.000000   0.000000   0.000000   0.000000
   0.000000   0.000000   0.000000   0.000000
   0.000000   0.000000   0.000000   0.000000
   0.000000   0.000000   0.000000   0.000000
   0.000000   0.000000   0.000000   0.000000
   0.000000   0.000000   0.000000   0.000000
   0.000000   0.000000   0.000000   0.000000
   0.000000   0.000000   0.000000   0.000000
   0.000000   0.000000   0.000000   0.000000
   0.000000   0.000000   0.000000   0.000000
   0.000000   0.000000   0.000000   0.000000
   0.000000   0.000000   0.000000   0.000000
   0.000000   0.000000   0.000000   0.000000
   0.000000   0.000000   0.000000   0.000000
   0.000000   0.000000   0.000000   0.000000
   0.000000   0.000000   0.000000   0.000000
   0.000000   0.000000   0.000000   0.000000
   0.000000   0.000000   0.000000   0.000000
   0.000000   0.000000   0.000000   0.000000
   0.000000   0.000000   0.000000   0.000000
   0.000000   0.000000   0.000000   0.000000
   0.000000   0.000000   0.000000   0.000000
   0.000000   0.000000   0.000000   0.000000
   0.000000   0.000000   0.000000   0.000000
   0.000000   0.000000   0.000000   0.000000
   0.000000   0.000000   0.000000   0.000000
   0.000000   0.000000   0.000000   0.000000
   0.000000   0.000000   0.000000   0.000000
   0.000000   0.000000   0.000000   0.000000
   0.000000   0.000000   0.000000   0.000000
   0.000000   0.000000   0.000000   0.000000
   0.000000   0.000000   0.000000   0.000000
   0.000000   0.000000   0.000000   0.000000
   0.000000   0.000000   0.000000   0.000000
   0.000000   0.000000   0.000000   0.000000
   0.000000   0.000000   0.000000   0.000000
   0.000000   0.000000   0.000000   0.000000
   0.000000   0.000000   0.000000   0.000000
   0.000000   0.000000   0.000000   0.000000
   0.000000   0.000000   0.000000   0.000000
   0.000000   0.000000   0.000000   0.000000
   0.000000   0.000000   0.000000   0.000000
   0.000000   0.000000   0.000000   0.000000
   0.000000   0.000000   0.000000   0.000000
   0.000000   0.000000   0.000000   0.000000
   0.000000   0.000000   0.000000   0.000000
   0.000000   0.000000   0.000000   0.000000
   0.000000   0.000000   0.000000   0.000000
   0.000000   0.000000   0.000000   0.000000
   0.000000   0.000000   0.000000   0.000000
   0.000000   0.000000   0.000000   0.000000
   0.000000   0.000000   0.000000   0.000000
   0.000000   0.000000   0.000000   0.000000
   0.000000   0.000000   0.000000   0.000000
   0.000000   0.000000   0.000000   0.000000
   0.000000   0.000000   0.000000   0.000000
   0.000000   0.000000   0.000000   0.000000
   0.000000   0.000000   0.000000   0.000000
   0.000000   0.000000   0.000000   0.000000
   0.000000   0.000000   0.000000   0.000000
   0.000000   0.000000   0.000000   0.000000
   0.000000   0.000000   0.000000   0.000000
   0.000000   0.000000   0.000000   0.000000
   0.000000   0.000000   0.000000   0.000000
   0.000000   0.000000   0.000000   0.000000
   0.000000   0.000000   0.000000   0.000000
   0.000000   0.000000   0.000000   0.000000
   0.000000   0.000000   0.000000   0.000000
   0.000000   0.000000   0.000000   0.000000
   0.000000   0.000000   0.000000   0.000000
   0.000000   0.000000   0.000000   0.000000
   0.000000   0.000000   0.000000   0.000000
   0.000000   0.000000   0.000000   0.000000
   0.000000   0.000000   0.000000   0.000000
   0.000000   0.000000   0.000000   0.000000
   0.000000   0.000000   0.000000   0.000000
   0.000000   0.000000   0.000000   0.000000
   0.000000   0.000000   0.000000   0.000000
   0.000000   0.000000   0.000000   0.000000
   0.000000   0.000000   0.000000   0.000000
   0.000000   0.000000   0.000000   0.000000
   0.000000   0.000000   0.000000   0.000000
   0.000000   0.000000   0.000000   0.000000
   0.000000   0.000000   0.000000   0.000000
   0.000000   0.000000   0.000000   0.000000
   0.000000   0.000000   0.000000   0.000000
   0.000000   0.000000   0.000000   0.000000
   0.000000   0.000000   0.000000   0.000000
   0.000000   0.000000   0.000000   0.000000
   0.000000   0.000000   0.000000   0.000000
   0.000000   0.000000   0.000000   0.000000
   0.000000   0.000000   0.000000   0.000000
   0.000000   0.000000   0.000000   0.000000
   0.000000   0.000000   0.000000   0.000000
   0.000000   0.000000   0.000000   0.000000
   0.000000   0.000000   0.000000   0.000000
   0.000000   0.000000   0.000000   0.000000
   0.000000   0.000000   0.000000   0.000000
   0.000000   0.000000   0.000000   0.000000
   0.000000   0.000000   0.000000   0.000000
   0.000000   0.000000   0.000000   0.000000
   0.000000   0.000000   0.000000   0.000000
   0.000000   0.000000   0.000000   0.000000
   0.000000   0.000000   0.000000   0.000000
   0.000000   0.000000   0.000000   0.000000
   0.000000   0.000000   0.000000   0.000000
   0.000000   0.000000   0.000000   0.000000
   0.000000   0.000000   0.000000   0.000000
   0.000000   0.000000   0.000000   0.000000
   0.000000   0.000000   0.000000   0.000000
   0.000000   0.000000   0.000000   0.000000
   0.000000   0.000000   0.000000   0.000000
   0.000000   0.000000   0.000000   0.000000
   0.000000   0.000000   0.000000   0.000000
   0.000000   0.000000   0.000000   0.000000
   0.000000   0.000000   0.000000   0.000000
   0.000000   0.000000   0.000000   0.000000
   0.000000   0.000000   0.000000   0.000000
   0.000000   0.000000   0.000000   0.000000
   0.000000   0.000000   0.000000   0.000000
   0.000000   0.000000   0.000000   0.000000
   0.000000   0.000000   0.000000   0.000000
   0.000000   0.000000   0.000000   0.000000
   0.000000   0.000000   0.000000   0.000000
   0.000000   0.000000   0.000000   0.000000
   0.000000   0.000000   0.000000   0.000000
   0.000000   0.000000   0.000000   0.000000
   0.000000   0.000000   0.000000   0.000000
   0.000000   0.000000   0.000000   0.000000
   0.000000   0.000000   0.000000   0.000000
   0.000000   0.000000   0.000000   0.000000
   0.000000   0.000000   0.000000   0.000000
   0.000000   0.000000   0.000000   0.000000
   0.000000   0.000000   0.000000   0.000000
   0.000000   0.000000   0.000000   0.000000
   0.000000   0.000000   0.000000   0.000000
   0.000000   0.000000   0.000000   0.000000
   0.000000   0.000000   0.000000   0.000000
   0.000000   0.000000   0.000000   0.000000
   0.000000   0.000000   0.000000   0.000000
   0.000000   0.000000   0.000000   0.000000
   0.000000   0.000000   0.000000   0.000000
   0.000000   0.000000   0.000000   0.000000
   0.000000   0.000000   0.000000   0.000000
   0.000000   0.000000   0.000000   0.000000
   0.000000   0.000000   0.000000   0.000000
   0.000000   0.000000   0.000000   0.000000
   0.000000   0.000000   0.000000   0.000000
   0.000000   0.000000   0.000000   0.000000
   0.000000   0.000000   0.000000   0.000000
   0.000000   0.000000   0.000000   0.000000
   0.000000   0.000000   0.000000   0.000000
   0.000000   0.000000   0.000000   0.000000
   0.000000   0.000000   0.000000   0.000000
   0.000000   0.000000   0.000000   0.000000
   0.000000   0.000000   0.000000   0.000000
   0.000000   0.000000   0.000000   0.000000
   0.000000   0.000000   0.000000   0.000000
   0.000000   0.000000   0.000000   0.000000
   0.000000   0.000000   0.000000   0.000000
   0.000000   0.000000   0.000000   0.000000
   0.000000   0.000000   0.000000   0.000000
   0.000000   0.000000   0.000000   0.000000
   0.000000   0.000000   0.000000   0.000000
   0.000000   0.000000   0.000000   0.000000
   0.000000   0.000000   0.000000   0.000000
   0.000000   0.000000   0.000000   0.000000
   0.000000   0.000000   0.000000   0.000000
   0.000000   0.000000   0.000000   0.000000
   0.000000   0.000000   0.000000   0.000000
   0.000000   0.000000   0.000000   0.000000
   0.000000   0.000000   0.000000   0.000000
   0.000000   0.000000   0.000000   0.000000
   0.000000   0.000000   0.000000   0.000000
   0.000000   0.000000   0.000000   0.000000
   0.000000   0.000000   0.000000   0.000000
   0.000000   0.000000   0.000000   0.000000
   0.000000   0.000000   0.000000   0.000000
   0.000000   0.000000   0.000000   0.000000
   0.000000   0.000000   0.000000   0.000000
   0.000000   0.000000   0.000000   0.000000
   0.000000   0.000000   0.000000   0.000000
   0.000000   0.000000   0.000000   0.000000
   0.000000   0.000000   0.000000   0.000000
   0.000000   0.000000   0.000000   0.000000
   0.000000   0.000000   0.000000   0.000000
   0.000000   0.000000   0.000000   0.000000
   0.000000   0.000000   0.000000   0.000000
   0.000000   0.000000   0.000000   0.000000
   0.000000   0.000000   0.000000   0.000000
   0.000000   0.000000   0.000000   0.000000
   0.000000   0.000000   0.000000   0.000000
   0.000000   0.000000   0.000000   0.000000
   0.000000   0.000000   0.000000   0.000000
   0.000000   0.000000   0.000000   0.000000
   0.000000   0.000000   0.000000   0.000000
   0.000000   0.000000   0.000000   0.000000
   0.000000   0.000000   0.000000   0.000000
   0.000000   0.000000   0.000000   0.000000
   0.000000   0.000000   0.000000   0.000000
   0.000000   0.000000   0.000000   0.000000
   0.000000   0.000000   0.000000   0.000000
   0.000000   0.000000   0.000000   0.000000
   0.000000   0.000000   0.000000   0.000000
   0.000000   0.000000   0.000000   0.000000
   0.000000   0.000000   0.000000   0.000000
   0.000000   0.000000   0.000000   0.000000
   0.000000   0.000000   0.000000   0.000000
   0.000000   0.000000   0.000000   0.000000
   0.000000   0.000000   0.000000   0.000000
   0.000000   0.000000   0.000000   0.000000
   0.000000   0.000000   0.000000   0.000000
   0.000000   0.000000   0.000000   0.000000
   0.000000   0.000000   0.000000   0.000000
   0.000000   0.000000   0.000000   0.000000
   0.000000   0.000000   0.000000   0.000000
   0.000000   0.000000   0.000000   0.000000
   0.000000   0.000000   0.000000   0.000000
   0.000000   0.000000   0.000000   0.000000
   0.000000   0.000000   0.000000   0.000000
   0.000000   0.000000   0.000000   0.000000
   0.000000   0.000000   0.000000   0.000000
   0.000000   0.000000   0.000000   0.000000
   0.000000   0.000000   0.000000   0.000000
   0.000000   0.000000   0.000000   0.000000
   0.000000   0.000000   0.000000   0.000000
   0.000000   0.000000   0.000000   0.000000
   0.000000   0.000000   0.000000   0.000000
   0.000000   0.000000   0.000000   0.000000
   0.000000   0.000000   0.000000   0.000000
   0.000000   0.000000   0.000000   0.000000
   0.000000   0.000000   0.000000   0.000000
   0.000000   0.000000   0.000000   0.000000
   0.000000   0.000000   0.000000   0.000000
   0.000000   0.000000   0.000000   0.000000
   0.000000   0.000000   0.000000   0.000000
   0.000000   0.000000   0.000000   0.000000
   0.000000   0.000000   0.000000   0.000000
   0.000000   0.000000   0.000000   0.000000
   0.000000   0.000000   0.000000   0.000000
   0.000000   0.000000   0.000000   0.000000
   0.000000   0.000000   0.000000   0.000000
   0.000000   0.000000   0.000000   0.000000
   0.000000   0.000000   0.000000   0.000000
   0.000000   0.000000   0.000000   0.000000
   0.000000   0.000000   0.000000   0.000000
   0.000000   0.000000   0.000000   0.000000
   0.000000   0.000000   0.000000   0.000000
   0.000000   0.000000   0.000000   0.000000
   0.000000   0.000000   0.000000   0.000000
   0.000000   0.000000   0.000000   0.000000
   0.000000   0.000000   0.000000   0.000000
   0.000000   0.000000   0.000000   0.000000
   0.000000   0.000000   0.000000   0.000000
   0.000000   0.000000   0.000000   0.000000
   0.000000   0.000000   0.000000   0.000000
   0.000000   0.000000   0.000000   0.000000
   0.000000   0.000000   0.000000   0.000000
   0.000000   0.000000   0.000000   0.000000
   0.000000   0.000000   0.000000   0.000000
   0.000000   0.000000   0.000000   0.000000
   0.000000   0.000000   0.000000   0.000000
   0.000000   0.000000   0.000000   0.000000
   0.000000   0.000000   0.000000   0.000000
   0.000000   0.000000   0.000000   0.000000
   0.000000   0.000000   0.000000   0.000000
   0.000000   0.000000   0.000000   0.000000
   0.000000   0.000000   0.000000   0.000000
   0.000000   0.000000   0.000000   0.000000
   0.000000   0.000000   0.000000   0.000000
   0.000000   0.000000   0.000000   0.000000
   0.000000   0.000000   0.000000   0.000000
   0.000000   0.000000   0.000000   0.000000
   0.000000   0.000000   0.000000   0.000000
   0.000000   0.000000   0.000000   0.000000
   0.000000   0.000000   0.000000   0.000000
   0.000000   0.000000   0.000000   0.000000
   0.000000   0.000000   0.000000   0.000000
   0.000000   0.000000   0.000000   0.000000
   0.000000   0.000000   0.000000   0.000000
   0.000000   0.000000   0.000000   0.000000
   0.000000   0.000000   0.000000   0.000000
   0.000000   0.000000   0.000000   0.000000
   0.000000   0.000000   0.000000   0.000000
   0.000000   0.000000   0.000000   0.000000
   0.000000   0.000000   0.000000   0.000000
   0.000000   0.000000   0.000000   0.000000
   0.000000   0.000000   0.000000   0.000000
   0.000000   0.000000   0.000000   0.000000
   0.000000   0.000000   0.000000   0.000000
   0.000000   0.000000   0.000000   0.000000
   0.000000   0.000000   0.000000   0.000000
   0.000000   0.000000   0.000000   0.000000
   0.000000   0.000000   0.000000   0.000000
   0.000000   0.000000   0.000000   0.000000
   0.000000   0.000000   0.000000   0.000000
   0.000000   0.000000   0.000000   0.000000
   0.000000   0.000000   0.000000   0.000000
   0.000000   0.000000   0.000000   0.000000
   0.000000   0.000000   0.000000   0.000000
   0.000000   0.000000   0.000000   0.000000
   0.000000   0.000000   0.000000   0.000000
   0.000000   0.000000   0.000000   0.000000
   0.000000   0.000000   0.000000   0.000000
   0.000000   0.000000   0.000000   0.000000
   0.000000   0.000000   0.000000   0.000000
   0.000000   0.000000   0.000000   0.000000
   0.000000   0.000000   0.000000   0.000000
   0.000000   0.000000   0.000000   0.000000
   0.000000   0.000000   0.000000   0.000000
   0.000000   0.000000   0.000000   0.000000
   0.000000   0.000000   0.000000   0.000000
   0.000000   0.000000   0.000000   0.000000
   0.000000   0.000000   0.000000   0.000000
   0.000000   0.000000   0.000000   0.000000
   0.000000   0.000000   0.000000   0.000000
   0.000000   0.000000   0.000000   0.000000
   0.000000   0.000000   0.000000   0.000000
   0.000000   0.000000   0.000000   0.000000
   0.000000   0.000000   0.000000   0.000000
   0.000000   0.000000   0.000000   0.000000
   0.000000   0.000000   0.000000   0.000000
   0.000000   0.000000   0.000000   0.000000
   0.000000   0.000000   0.000000   0.000000
   0.000000   0.000000   0.000000   0.000000
   0.000000   0.000000   0.000000   0.000000
   0.000000   0.000000   0.000000   0.000000
   0.000000   0.000000   0.000000   0.000000
   0.000000   0.000000   0.000000   0.000000
   0.000000   0.000000   0.000000   0.000000
   0.000000   0.000000   0.000000   0.000000
   0.000000   0.000000   0.000000   0.000000
   0.000000   0.000000   0.000000   0.000000
   0.000000   0.000000   0.000000   0.000000
   0.000000   0.000000   0.000000   0.000000
   0.000000   0.000000   0.000000   0.000000
   0.000000   0.000000   0.000000   0.000000
   0.000000   0.000000   0.000000   0.000000
   0.000000   0.000000   0.000000   0.000000
   0.000000   0.000000   0.000000   0.000000
   0.000000   0.000000   0.000000   0.000000
   0.000000   0.000000   0.000000   0.000000
   0.000000   0.000000   0.000000   0.000000
   0.000000   0.000000   0.000000   0.000000
   0.000000   0.000000   0.000000   0.000000
   0.000000   0.000000   0.000000   0.000000
   0.000000   0.000000   0.000000   0.000000
   0.000000   0.000000   0.000000   0.000000
   0.000000   0.000000   0.000000   0.000000
   0.000000   0.000000   0.000000   0.000000
   0.000000   0.000000   0.000000   0.000000
   0.000000   0.000000   0.000000   0.000000
   0.000000   0.000000   0.000000   0.000000
   0.000000   0.000000   0.000000   0.000000
   0.000000   0.000000   0.000000   0.000000
   0.000000   0.000000   0.000000   0.000000
   0.000000   0.000000   0.000000   0.000000
   0.000000   0.000000   0.000000   0.000000
   0.000000   0.000000   0.000000   0.000000
   0.000000   0.000000   0.000000   0.000000
   0.000000   0.000000   0.000000   0.000000
   0.000000   0.000000   0.000000   0.000000
   0.000000   0.000000   0.000000   0.000000
   0.000000   0.000000   0.000000   0.000000
   0.000000   0.000000   0.000000   0.000000
   0.000000   0.000000   0.000000   0.000000
   0.000000   0.000000   0.000000   0.000000
   0.000000   0.000000   0.000000   0.000000
   0.000000   0.000000   0.000000   0.000000
   0.000000   0.000000   0.000000   0.000000
   0.000000   0.000000   0.000000   0.000000
   0.000000   0.000000   0.000000   0.000000
   0.000000   0.000000   0.000000   0.000000
   0.000000   0.000000   0.000000   0.000000
   0.000000   0.000000   0.000000   0.000000
   0.000000   0.000000   0.000000   0.000000
   0.000000   0.000000   0.000000   0.000000
   0.000000   0.000000   0.000000   0.000000
   0.000000   0.000000   0.000000   0.000000
   0.000000   0.000000   0.000000   0.000000
   0.000000   0.000000   0.000000   0.000000
   0.000000   0.000000   0.000000   0.000000
   0.000000   0.000000   0.000000   0.000000
   0.000000   0.000000   0.000000   0.000000
   0.000000   0.000000   0.000000   0.000000
   0.000000   0.000000   0.000000   0.000000
   0.000000   0.000000   0.000000   0.000000
   0.000000   0.000000   0.000000   0.000000
   0.000000   0.000000   0.000000   0.000000
   0.000000   0.000000   0.000000   0.000000
   0.000000   0.000000   0.000000   0.000000
   0.000000   0.000000   0.000000   0.000000
   0.000000   0.000000   0.000000   0.000000
   0.000000   0.000000   0.000000   0.000000
   0.000000   0.000000   0.000000   0.000000
   0.000000   0.000000   0.000000   0.000000
   0.000000   0.000000   0.000000   0.000000
   0.000000   0.000000   0.000000   0.000000
   0.000000   0.000000   0.000000   0.000000
   0.000000   0.000000   0.000000   0.000000
   0.000000   0.000000   0.000000   0.000000
   0.000000   0.000000   0.000000   0.000000
   0.000000   0.000000   0.000000   0.000000
   0.000000   0.000000   0.000000   0.000000
   0.000000   0.000000   0.000000   0.000000
   0.000000   0.000000   0.000000   0.000000
   0.000000   0.000000   0.000000   0.000000
   0.000000   0.000000   0.000000   0.000000
   0.000000   0.000000   0.000000   0.000000
   0.000000   0.000000   0.000000   0.000000
   0.000000   0.000000   0.000000   0.000000
   0.000000   0.000000   0.000000   0.000000
   0.000000   0.000000   0.000000   0.000000
   0.000000   0.000000   0.000000   0.000000
   0.000000   0.000000   0.000000   0.000000
   0.000000   0.000000   0.000000   0.000000
   0.000000   0.000000   0.000000   0.000000
   0.000000   0.000000   0.000000   0.000000
   0.000000   0.000000   0.000000   0.000000
   0.000000   0.000000   0.000000   0.000000
   0.000000   0.000000   0.000000   0.000000
   0.000000   0.000000   0.000000   0.000000
   0.000000   0.000000   0.000000   0.000000
   0.000000   0.000000   0.000000   0.000000
   0.000000   0.000000   0.000000   0.000000
   0.000000   0.000000   0.000000   0.000000
   0.000000   0.000000   0.000000   0.000000
   0.000000   0.000000   0.000000   0.000000
   0.000000   0.000000   0.000000   0.000000
   0.000000   0.000000   0.000000   0.000000
   0.000000   0.000000   0.000000   0.000000
   0.000000   0.000000   0.000000   0.000000
   0.000000   0.000000   0.000000   0.000000
   0.000000   0.000000   0.000000   0.000000
   0.000000   0.000000   0.000000   0.000000
   0.000000   0.000000   0.000000   0.000000
   0.000000   0.000000   0.000000   0.000000
   0.000000   0.000000   0.000000   0.000000
   0.000000   0.000000   0.000000   0.000000
   0.000000   0.000000   0.000000   0.000000
   0.000000   0.000000   0.000000   0.000000
   0.000000   0.000000   0.000000   0.000000
   0.000000   0.000000   0.000000   0.000000
   0.000000   0.000000   0.000000   0.000000
   0.000000   0.000000   0.000000   0.000000
   0.000000   0.000000   0.000000   0.000000
   0.000000   0.000000   0.000000   0.000000
   0.000000   0.000000   0.000000   0.000000
   0.000000   0.000000   0.000000   0.000000
   0.000000   0.000000   0.000000   0.000000
   0.000000   0.000000   0.000000   0.000000
   0.000000   0.000000   0.000000   0.000000
   0.000000   0.000000   0.000000   0.000000
   0.000000   0.000000   0.000000   0.000000
   0.000000   0.000000   0.000000   0.000000
   0.000000   0.000000   0.000000   0.000000
   0.000000   0.000000   0.000000   0.000000
   0.000000   0.000000   0.000000   0.000000
   0.000000   0.000000   0.000000   0.000000
   0.000000   0.000000   0.000000   0.000000
   0.000000   0.000000   0.000000   0.000000
   0.000000   0.000000   0.000000   0.000000
   0.000000   0.000000   0.000000   0.000000
   0.000000   0.000000   0.000000   0.000000
   0.000000   0.000000   0.000000   0.000000
   0.000000   0.000000   0.000000   0.000000
   0.000000   0.000000   0.000000   0.000000
   0.000000   0.000000   0.000000   0.000000
   0.000000   0.000000   0.000000   0.000000
   0.000000   0.000000   0.000000   0.000000
   0.000000   0.000000   0.000000   0.000000
   0.000000   0.000000   0.000000   0.000000
   0.000000   0.000000   0.000000   0.000000
   0.000000   0.000000   0.000000   0.000000
   0.000000   0.000000   0.000000   0.000000
   0.000000   0.000000   0.000000   0.000000
   0.000000   0.000000   0.000000   0.000000
   0.000000   0.000000   0.000000   0.000000
   0.000000   0.000000   0.000000   0.000000
   0.000000   0.000000   0.000000   0.000000
   0.000000   0.000000   0.000000   0.000000
   0.000000   0.000000   0.000000   0.000000
   0.000000   0.000000   0.000000   0.000000
   0.000000   0.000000   0.000000   0.000000
   0.000000   0.000000   0.000000   0.000000
   0.000000   0.000000   0.000000   0.000000
   0.000000   0.000000   0.000000   0.000000
   0.000000   0.000000   0.000000   0.000000
   0.000000   0.000000   0.000000   0.000000
   0.000000   0.000000   0.000000   0.000000
   0.000000   0.000000   0.000000   0.000000
   0.000000   0.000000   0.000000   0.000000
   0.000000   0.000000   0.000000   0.000000
   0.000000   0.000000   0.000000   0.000000
   0.000000   0.000000   0.000000   0.000000
   0.000000   0.000000   0.000000   0.000000
   0.000000   0.000000   0.000000   0.000000
   0.000000   0.000000   0.000000   0.000000
   0.000000   0.000000   0.000000   0.000000
   0.000000   0.000000   0.000000   0.000000
   0.000000   0.000000   0.000000   0.000000
   0.000000   0.000000   0.000000   0.000000
   0.000000   0.000000   0.000000   0.000000
   0.000000   0.000000   0.000000   0.000000
   0.000000   0.000000   0.000000   0.000000
   0.000000   0.000000   0.000000   0.000000
   0.000000   0.000000   0.000000   0.000000
   0.000000   0.000000   0.000000   0.000000
   0.000000   0.000000   0.000000   0.000000
   0.000000   0.000000   0.000000   0.000000
   0.000000   0.000000   0.000000   0.000000
   0.000000   0.000000   0.000000   0.000000
   0.000000   0.000000   0.000000   0.000000
   0.000000   0.000000   0.000000   0.000000
   0.000000   0.000000   0.000000   0.000000
   0.000000   0.000000   0.000000   0.000000
   0.000000   0.000000   0.000000   0.000000
   0.000000   0.000000   0.000000   0.000000
   0.000000   0.000000   0.000000   0.000000
   0.000000   0.000000   0.000000   0.000000
   0.000000   0.000000   0.000000   0.000000
   0.000000   0.000000   0.000000   0.000000
   0.000000   0.000000   0.000000   0.000000
   0.000000   0.000000   0.000000   0.000000
   0.000000   0.000000   0.000000   0.000000
   0.000000   0.000000   0.000000   0.000000
   0.000000   0.000000   0.000000   0.000000
   0.000000   0.000000   0.000000   0.000000
   0.000000   0.000000   0.000000   0.000000
   0.000000   0.000000   0.000000   0.000000
   0.000000   0.000000   0.000000   0.000000
   0.000000   0.000000   0.000000   0.000000
   0.000000   0.000000   0.000000   0.000000
   0.000000   0.000000   0.000000   0.000000
   0.000000   0.000000   0.000000   0.000000
   0.000000   0.000000   0.000000   0.000000
   0.000000   0.000000   0.000000   0.000000
   0.000000   0.000000   0.000000   0.000000
   0.000000   0.000000   0.000000   0.000000
   0.000000   0.000000   0.000000   0.000000
   0.000000   0.000000   0.000000   0.000000
   0.000000   0.000000   0.000000   0.000000
   0.000000   0.000000   0.000000   0.000000
   0.000000   0.000000   0.000000   0.000000
   0.000000   0.000000   0.000000   0.000000
   0.000000   0.000000   0.000000   0.000000
   0.000000   0.000000   0.000000   0.000000
   0.000000   0.000000   0.000000   0.000000
   0.000000   0.000000   0.000000   0.000000
   0.000000   0.000000   0.000000   0.000000
   0.000000   0.000000   0.000000   0.000000
   0.000000   0.000000   0.000000   0.000000
   0.000000   0.000000   0.000000   0.000000
   0.000000   0.000000   0.000000   0.000000
   0.000000   0.000000   0.000000   0.000000
   0.000000   0.000000   0.000000   0.000000
   0.000000   0.000000   0.000000   0.000000
   0.000000   0.000000   0.000000   0.000000
   0.000000   0.000000   0.000000   0.000000
   0.000000   0.000000   0.000000   0.000000
   0.000000   0.000000   0.000000   0.000000
   0.000000   0.000000   0.000000   0.000000
   0.000000   0.000000   0.000000   0.000000
   0.000000   0.000000   0.000000   0.000000
   0.000000   0.000000   0.000000   0.000000
   0.000000   0.000000   0.000000   0.000000
   0.000000   0.000000   0.000000   0.000000
   0.000000   0.000000   0.000000   0.000000
   0.000000   0.000000   0.000000   0.000000
   0.000000   0.000000   0.000000   0.000000
   0.000000   0.000000   0.000000   0.000000
   0.000000   0.000000   0.000000   0.000000
   0.000000   0.000000   0.000000   0.000000
   0.000000   0.000000   0.000000   0.000000
   0.000000   0.000000   0.000000   0.000000
   0.000000   0.000000   0.000000   0.000000
   0.000000   0.000000   0.000000   0.000000
   0.000000   0.000000   0.000000   0.000000
   0.000000   0.000000   0.000000   0.000000
   0.000000   0.000000   0.000000   0.000000
   0.000000   0.000000   0.000000   0.000000
   0.000000   0.000000   0.000000   0.000000
   0.000000   0.000000   0.000000   0.000000
   0.000000   0.000000   0.000000   0.000000
   0.000000   0.000000   0.000000   0.000000
   0.000000   0.000000   0.000000   0.000000
   0.000000   0.000000   0.000000   0.000000
   0.000000   0.000000   0.000000   0.000000
   0.000000   0.000000   0.000000   0.000000
   0.000000   0.000000   0.000000   0.000000
   0.000000   0.000000   0.000000   0.000000
   0.000000   0.000000   0.000000   0.000000
   0.000000   0.000000   0.000000   0.000000
   0.000000   0.000000   0.000000   0.000000
   0.000000   0.000000   0.000000   0.000000
   0.000000   0.000000   0.000000   0.000000
   0.000000   0.000000   0.000000   0.000000
   0.000000   0.000000   0.000000   0.000000
   0.000000   0.000000   0.000000   0.000000
   0.000000   0.000000   0.000000   0.000000
   0.000000   0.000000   0.000000   0.000000
   0.000000   0.000000   0.000000   0.000000
   0.000000   0.000000   0.000000   0.000000
   0.000000   0.000000   0.000000   0.000000
   0.000000   0.000000   0.000000   0.000000
   0.000000   0.000000   0.000000   0.000000
   0.000000   0.000000   0.000000   0.000000
   0.000000   0.000000   0.000000   0.000000
   0.000000   0.000000   0.000000   0.000000
   0.000000   0.000000   0.000000   0.000000
   0.000000   0.000000   0.000000   0.000000
   0.000000   0.000000   0.000000   0.000000
   0.000000   0.000000   0.000000   0.000000
   0.000000   0.000000   0.000000   0.000000
   0.000000   0.000000   0.000000   0.000000
   0.000000   0.000000   0.000000   0.000000
   0.000000   0.000000   0.000000   0.000000
   0.000000   0.000000   0.000000   0.000000
   0.000000   0.000000   0.000000   0.000000
   0.000000   0.000000   0.000000   0.000000
   0.000000   0.000000   0.000000   0.000000
   0.000000   0.000000   0.000000   0.000000
   0.000000   0.000000   0.000000   0.000000
   0.000000   0.000000   0.000000   0.000000
   0.000000   0.000000   0.000000   0.000000
   0.000000   0.000000   0.000000   0.000000
   0.000000   0.000000   0.000000   0.000000
   0.000000   0.000000   0.000000   0.000000
   0.000000   0.000000   0.000000   0.000000
   0.000000   0.000000   0.000000   0.000000
   0.000000   0.000000   0.000000   0.000000
   0.000000   0.000000   0.000000   0.000000
   0.000000   0.000000   0.000000   0.000000
   0.000000   0.000000   0.000000   0.000000
   0.000000   0.000000   0.000000   0.000000
   0.000000   0.000000   0.000000   0.000000
   0.000000   0.000000   0.000000   0.000000
   0.000000   0.000000   0.000000   0.000000
   0.000000   0.000000   0.000000   0.000000
   0.000000   0.000000   0.000000   0.000000
   0.000000   0.000000   0.000000   0.000000
   0.000000   0.000000   0.000000   0.000000
   0.000000   0.000000   0.000000   0.000000
   0.000000   0.000000   0.000000   0.000000
   0.000000   0.000000   0.000000   0.000000
   0.000000   0.000000   0.000000   0.000000
   0.000000   0.000000   0.000000   0.000000
   0.000000   0.000000   0.000000   0.000000
   0.000000   0.000000   0.000000   0.000000
   0.000000   0.000000   0.000000   0.000000
   0.000000   0.000000   0.000000   0.000000
   0.000000   0.000000   0.000000   0.000000
   0.000000   0.000000   0.000000   0.000000
   0.000000   0.000000   0.000000   0.000000
   0.000000   0.000000   0.000000   0.000000
   0.000000   0.000000   0.000000   0.000000
   0.000000   0.000000   0.000000   0.000000
   0.000000   0.000000   0.000000   0.000000
   0.000000   0.000000   0.000000   0.000000
   0.000000   0.000000   0.000000   0.000000
