       1     368        0.0
    272.475000000      0.914465197      5.990293342      5.477914780
    272.550000000      0.914751956      5.991232490      5.480491639
    272.625000000      0.914930552      5.991817325      5.482096733
    272.700000000      0.915002132      5.992051707      5.482740086
    272.775000000      0.914967639      5.991938764      5.482430063
    272.850000000      0.914828159      5.991482035      5.481176482
    272.925000000      0.914584836      5.990685184      5.478989828
    273.000000000      0.914238806      5.989551798      5.475880683
    273.075000000      0.913791498      5.988086369      5.471862411
    273.150000000      0.913244146      5.986292700      5.466946765
    273.225000000      0.912598136      5.984175035      5.461146981
    273.300000000      0.911854897      5.981737721      5.454476833
    273.375000000      0.911015856      5.978985048      5.446950183
    273.450000000      0.910082738      5.975922241      5.438583673
    273.525000000      0.909057073      5.972553853      5.429392322
    273.600000000      0.907940553      5.968884930      5.419392685
    273.675000000      0.906734904      5.964920590      5.408601699
    273.750000000      0.905441869      5.960665980      5.397036543
    273.825000000      0.904065686      5.956134444      5.384736771
    273.900000000      0.902606051      5.951324345      5.371701368
    273.975000000      0.901062774      5.946234376      5.357930443
    274.050000000      0.899435690      5.940863276      5.343424459
    274.125000000      0.897724700      5.935209958      5.328184582
    274.200000000      0.895929709      5.929273293      5.312212097
    274.275000000      0.894050642      5.923052185      5.295508608
    274.350000000      0.892087473      5.916545651      5.278076260
    274.425000000      0.890040146      5.909752560      5.259917030
    274.500000000      0.887908856      5.902672573      5.241035251
    274.575000000      0.885693608      5.895304673      5.221433667
    274.650000000      0.883394533      5.887648212      5.201116243
    274.725000000      0.881011807      5.879702656      5.180087463
    274.800000000      0.878545593      5.871467369      5.158351782
    274.875000000      0.875996298      5.862942499      5.135915927
    274.950000000      0.873364113      5.854127416      5.112784798
    275.025000000      0.870649410      5.845022058      5.088965007
    275.100000000      0.867852622      5.835626520      5.064463775
    275.175000000      0.864974186      5.825940874      5.039288467
    275.250000000      0.862014798      5.815966014      5.013448770
    275.325000000      0.858975013      5.805702328      4.986953233
    275.400000000      0.855855534      5.795150659      4.959811764
    275.475000000      0.852657290      5.784312583      4.932036292
    275.550000000      0.849381645      5.773191123      4.903642572
    275.625000000      0.846030572      5.761791359      4.874651642
    275.700000000      0.842606125      5.750118636      4.845085180
    275.775000000      0.839110724      5.738179575      4.814968020
    275.850000000      0.835546978      5.725981437      4.784326487
    275.925000000      0.831917841      5.713532716      4.753189803
    276.000000000      0.828226745      5.700843575      4.721591118
    276.075000000      0.824477224      5.687924600      4.689564284
    276.150000000      0.820673176      5.674787699      4.657146044
    276.225000000      0.816818750      5.661445731      4.624375028
    276.300000000      0.812918346      5.647912527      4.591291712
    276.375000000      0.808976571      5.634202752      4.557938024
    276.450000000      0.804998200      5.620331785      4.524356972
    276.525000000      0.800988146      5.606315622      4.490592356
    276.600000000      0.796951337      5.592170460      4.456687723
    276.675000000      0.792892891      5.577913324      4.422687823
    276.750000000      0.788817726      5.563560692      4.388635295
    276.825000000      0.784730728      5.549129100      4.354572119
    276.900000000      0.780636656      5.534634801      4.320538804
    276.975000000      0.776540046      5.520093422      4.286573598
    277.050000000      0.772445372      5.505520537      4.252713857
    277.125000000      0.768356703      5.490930435      4.218993208
    277.200000000      0.764277899      5.476336802      4.185443188
    277.275000000      0.760212549      5.461752504      4.152092791
    277.350000000      0.756163917      5.447189375      4.118968052
    277.425000000      0.752135214      5.432659185      4.086094281
    277.500000000      0.748129147      5.418171992      4.053492392
    277.575000000      0.744148216      5.403737225      4.021181417
    277.650000000      0.740194643      5.389363394      3.989177913
    277.725000000      0.736270386      5.375058133      3.957496125
    277.800000000      0.732377305      5.360828803      3.926149353
    277.875000000      0.728516893      5.346681484      3.895147784
    277.950000000      0.724690284      5.332621000      3.864498625
    278.025000000      0.720897879      5.318649526      3.834203164
    278.100000000      0.717139467      5.304766977      3.804257762
    278.175000000      0.713414408      5.290971683      3.774655429
    278.250000000      0.709721627      5.277260333      3.745385787
    278.325000000      0.706059769      5.263628533      3.716436346
    278.400000000      0.702426920      5.250069745      3.687790319
    278.475000000      0.698820766      5.236575871      3.659427961
    278.550000000      0.695238590      5.223137204      3.631326543
    278.625000000      0.691677294      5.209742508      3.603460598
    278.700000000      0.688133447      5.196379167      3.575802307
    278.775000000      0.684603246      5.183033028      3.548321234
    278.850000000      0.681082739      5.169689226      3.520986099
    278.925000000      0.677567634      5.156331442      3.493763294
    279.000000000      0.674053506      5.142942696      3.466618554
    279.075000000      0.670536044      5.129506250      3.439518828
    279.150000000      0.667010604      5.116003921      3.412428867
    279.225000000      0.663472703      5.102417942      3.385315023
    279.300000000      0.659917846      5.088730322      3.358143955
    279.375000000      0.656341755      5.074923692      3.330884325
    279.450000000      0.652740341      5.060981227      3.303506611
    279.525000000      0.649109749      5.046886819      3.275983437
    279.600000000      0.645446510      5.032625662      3.248290669
    279.675000000      0.641747342      5.018183504      3.220405923
    279.750000000      0.638009317      5.003547300      3.192309793
    279.825000000      0.634229793      4.988704950      3.163985307
    279.900000000      0.630406414      4.973645312      3.135417907
    279.975000000      0.626537205      4.958358593      3.106596136
    280.050000000      0.622620346      4.942835459      3.077509923
    280.125000000      0.618654324      4.927067654      3.048151709
    280.200000000      0.614637820      4.911047550      3.018515558
    280.275000000      0.610569730      4.894768247      2.988597325
    280.350000000      0.606449127      4.878223421      2.958394336
    280.425000000      0.602275467      4.861408163      2.927906872
    280.500000000      0.598048021      4.844316706      2.897134019
    280.575000000      0.593766174      4.826943617      2.866075846
    280.650000000      0.589429548      4.809284300      2.834734273
    280.725000000      0.585037779      4.791334100      2.803111462
    280.800000000      0.580590612      4.773088687      2.771210482
    280.875000000      0.576087890      4.754544018      2.739035234
    280.950000000      0.571529464      4.735695954      2.706589770
    281.025000000      0.566915331      4.716540849      2.673879315
    281.100000000      0.562245445      4.697074758      2.640908889
    281.175000000      0.557519820      4.677293849      2.607684026
    281.250000000      0.552738753      4.657195364      2.574212357
    281.325000000      0.547902125      4.636774674      2.540498697
    281.400000000      0.543010040      4.616027943      2.506549517
    281.475000000      0.538062591      4.594951151      2.472371323
    281.550000000      0.533059704      4.573539414      2.437969564
    281.625000000      0.528001612      4.551789017      2.403351938
    281.700000000      0.522888549      4.529696088      2.368526213
    281.775000000      0.517721006      4.507257733      2.333502007
    281.850000000      0.512498977      4.484468736      2.298285638
    281.925000000      0.507222743      4.461324964      2.262885486
    282.000000000      0.501892564      4.437822012      2.227309868
    282.075000000      0.496508873      4.413956067      2.191568351
    282.150000000      0.491071651      4.389721129      2.155667602
    282.225000000      0.485581144      4.365112153      2.119616155
    282.300000000      0.480036927      4.340120854      2.083418280
    282.375000000      0.474434218      4.314718843      2.047050258
    282.450000000      0.479036582      4.335596322      2.076909242
    282.525000000      0.483756243      4.356901992      2.107678537
    282.600000000      0.488594410      4.378635019      2.139376592
    282.675000000      0.493552291      4.400794461      2.172022187
    282.750000000      0.498631036      4.423379010      2.205634060
    282.825000000      0.503831831      4.446387414      2.240231510
    282.900000000      0.509155502      4.469816764      2.275831800
    282.975000000      0.514603272      4.493665807      2.312455127
    283.050000000      0.520176296      4.517932920      2.350121613
    283.125000000      0.525875634      4.542615975      2.388851058
    283.200000000      0.531702355      4.567712819      2.428663661
    283.275000000      0.537657426      4.593220810      2.469579279
    283.350000000      0.543741792      4.619137142      2.511617909
    283.425000000      0.549956383      4.645458907      2.554799776
    283.500000000      0.556302056      4.672182862      2.599144934
    283.575000000      0.562779698      4.699305839      2.644673922
    283.650000000      0.569390099      4.726824249      2.691406926
    283.725000000      0.576133765      4.754733319      2.739362407
    283.800000000      0.583011634      4.783030057      2.788562171
    283.875000000      0.590024452      4.811710664      2.839026949
    283.950000000      0.597172928      4.840771188      2.890777504
    284.025000000      0.604457646      4.870207184      2.943833968
    284.100000000      0.611879186      4.900014211      2.998216707
    284.175000000      0.619438064      4.930187586      3.053945854
    284.250000000      0.627134515      4.960721558      3.111039709
    284.325000000      0.634969267      4.991612368      3.169520446
    284.400000000      0.642942668      5.022854796      3.229407664
    284.475000000      0.651055058      5.054443637      3.290721095
    284.550000000      0.659306516      5.086372745      3.353478695
    284.625000000      0.667697666      5.118638142      3.417702742
    284.700000000      0.676228701      5.151234244      3.483412443
    284.775000000      0.684900581      5.184158448      3.550633136
    284.850000000      0.693719107      5.217426352      3.619428347
    284.925000000      0.691140771      5.207721561      3.599268695
    285.000000000      0.688547786      5.197943354      3.579032387
    285.075000000      0.685940077      5.188091040      3.558719569
    285.150000000      0.683317587      5.178163973      3.538330513
    285.225000000      0.680680257      5.168161499      3.517865497
    285.300000000      0.678028006      5.158082877      3.497324649
    285.375000000      0.675360801      5.147927529      3.476708461
    285.450000000      0.672678554      5.137694663      3.456017016
    285.525000000      0.669981189      5.127383528      3.435250510
    285.600000000      0.667268627      5.116993347      3.414409124
    285.675000000      0.664540774      5.106523275      3.393492928
    285.750000000      0.661797572      5.095972599      3.372502293
    285.825000000      0.659038916      5.085340410      3.351437234
    285.900000000      0.656264712      5.074625829      3.330297859
    285.975000000      0.653474858      5.063827943      3.309084247
    286.050000000      0.650669239      5.052945770      3.287796381
    286.125000000      0.647847772      5.041978438      3.266434498
    286.200000000      0.645010327      5.030924887      3.244998504
    286.275000000      0.642156787      5.019784091      3.223488423
    286.350000000      0.639287027      5.008554974      3.201904218
    286.425000000      0.636400907      4.997236395      3.180245775
    286.500000000      0.633498312      4.985827289      3.158513171
    286.575000000      0.630579088      4.974326427      3.136706220
    286.650000000      0.627643089      4.962732595      3.114824815
    286.725000000      0.624690161      4.951044526      3.092868800
    286.800000000      0.621720141      4.939260910      3.070837991
    286.875000000      0.618732863      4.927380396      3.048732182
    286.950000000      0.615728152      4.915401577      3.026551127
    287.025000000      0.612705825      4.903323014      3.004294574
    287.100000000      0.609665688      4.891143181      2.981962175
    287.175000000      0.606607557      4.878860578      2.959553697
    287.250000000      0.603531219      4.866473572      2.937068727
    287.325000000      0.600436459      4.853980495      2.914506860
    287.400000000      0.597323057      4.841379634      2.891867683
    287.475000000      0.594190777      4.828669184      2.869150694
    287.550000000      0.591039387      4.815847336      2.846355459
    287.625000000      0.587868633      4.802912155      2.823481404
    287.700000000      0.584678253      4.789861654      2.800527946
    287.775000000      0.581467979      4.776693783      2.777494480
    287.850000000      0.578237527      4.763406402      2.754380337
    287.925000000      0.574986610      4.749997323      2.731184857
    288.000000000      0.571714922      4.736464243      2.707907284
    288.075000000      0.568422148      4.722804792      2.684546847
    288.150000000      0.565107961      4.709016501      2.661102715
    288.225000000      0.561774755      4.695108240      2.637593282
    288.300000000      0.558468214      4.681270417      2.614340729
    288.375000000      0.555188068      4.667502522      2.591341708
    288.450000000      0.551934053      4.653804062      2.568592939
    288.525000000      0.548705906      4.640174539      2.546091174
    288.600000000      0.545503367      4.626613461      2.523833220
    288.675000000      0.542326179      4.613120341      2.501815930
    288.750000000      0.539174090      4.599694694      2.480036199
    288.825000000      0.536046849      4.586336049      2.458490988
    288.900000000      0.532944210      4.573043930      2.437177283
    288.975000000      0.529865927      4.559817867      2.416092122
    289.050000000      0.526811761      4.546657397      2.395232588
    289.125000000      0.523781470      4.533562053      2.374595797
    289.200000000      0.520774822      4.520531388      2.354178931
    289.275000000      0.517791584      4.507564946      2.333979192
    289.350000000      0.514831524      4.494662280      2.313993832
    289.425000000      0.511894416      4.481822943      2.294220140
    289.500000000      0.508980035      4.469046494      2.274655440
    289.575000000      0.506088159      4.456332499      2.255297108
    289.650000000      0.503218568      4.443680527      2.236142553
    289.725000000      0.500371048      4.431090149      2.217189220
    289.800000000      0.497545382      4.418560941      2.198434591
    289.875000000      0.494741359      4.406092477      2.179876179
    289.950000000      0.491958770      4.393684346      2.161511547
    290.025000000      0.489197409      4.381336134      2.143338283
    290.100000000      0.486457071      4.369047431      2.125354015
    290.175000000      0.483737554      4.356817831      2.107556401
    290.250000000      0.481038659      4.344646936      2.089943138
    290.325000000      0.478360189      4.332534343      2.072511948
    290.400000000      0.475701948      4.320479656      2.055260590
    290.475000000      0.473063744      4.308482484      2.038186854
    290.550000000      0.470445384      4.296542434      2.021288557
    290.625000000      0.467846683      4.284659128      2.004563561
    290.700000000      0.465267453      4.272832182      1.988009747
    290.775000000      0.462707510      4.261061218      1.971625027
    290.850000000      0.460166672      4.249345859      1.955407344
    290.925000000      0.457644759      4.237685730      1.939354665
    291.000000000      0.455141594      4.226080470      1.923465000
    291.075000000      0.452657000      4.214529710      1.907736375
    291.150000000      0.450190804      4.203033088      1.892166844
    291.225000000      0.447742833      4.191590244      1.876754491
    291.300000000      0.445312917      4.180200818      1.861497422
    291.375000000      0.442900890      4.168864465      1.846393783
    291.450000000      0.440506584      4.157580832      1.831441731
    291.525000000      0.438129836      4.146349570      1.816639456
    291.600000000      0.435770482      4.135170336      1.801985170
    291.675000000      0.433428361      4.124042785      1.787477106
    291.750000000      0.431103316      4.112966583      1.773113532
    291.825000000      0.428795189      4.101941394      1.758892733
    291.900000000      0.426503824      4.090966885      1.744813020
    291.975000000      0.424229069      4.080042727      1.730872726
    292.050000000      0.421970771      4.069168596      1.717070210
    292.125000000      0.419728781      4.058344163      1.703403847
    292.200000000      0.417502948      4.047569109      1.689872037
    292.275000000      0.415293127      4.036843113      1.676473202
    292.350000000      0.413099173      4.026165860      1.663205786
    292.425000000      0.410920941      4.015537039      1.650068257
    292.500000000      0.408758291      4.004956344      1.637059109
    292.575000000      0.406611209      3.994424096      1.624177612
    292.650000000      0.404481295      3.983948545      1.611432666
    292.725000000      0.402370111      3.973537862      1.598832869
    292.800000000      0.400279190      3.963200151      1.586386548
    292.875000000      0.398210037      3.952943444      1.574101757
    292.950000000      0.396164126      3.942775709      1.561986292
    293.025000000      0.394142903      3.932704858      1.550047708
    293.100000000      0.392147789      3.922738744      1.538293326
    293.175000000      0.390180185      3.912885181      1.526730262
    293.250000000      0.388241463      3.903151935      1.515365419
    293.325000000      0.386332979      3.893546726      1.504205506
    293.400000000      0.384456065      3.884077240      1.493257053
    293.475000000      0.382612035      3.874751124      1.482526414
    293.550000000      0.380802187      3.865576003      1.472019798
    293.625000000      0.379027802      3.856559469      1.461743258
    293.700000000      0.377290143      3.847709086      1.451702711
    293.775000000      0.375590462      3.839032395      1.441903951
    293.850000000      0.373929996      3.830536913      1.432352653
    293.925000000      0.372309972      3.822230145      1.423054397
    294.000000000      0.370731604      3.814119574      1.414014666
    294.075000000      0.369196097      3.806212663      1.405238859
    294.150000000      0.367704647      3.798516864      1.396732304
    294.225000000      0.366258444      3.791039614      1.388500271
    294.300000000      0.364858669      3.783788335      1.380547975
    294.375000000      0.363506496      3.776770435      1.372880589
    294.450000000      0.362203098      3.769993312      1.365503258
    294.525000000      0.360949640      3.763464346      1.358421102
    294.600000000      0.359747288      3.757190915      1.351639241
    294.675000000      0.358597203      3.751180378      1.345162790
    294.750000000      0.357500546      3.745440083      1.338996874
    294.825000000      0.356458478      3.739977364      1.333146640
    294.900000000      0.355472161      3.734799539      1.327617263
    294.975000000      0.354542755      3.729913902      1.322413952
    295.050000000      0.353671185      3.725326467      1.317540625
    295.125000000      0.352855312      3.721027069      1.312984167
    295.200000000      0.352093039      3.717005628      1.308731806
    295.275000000      0.351382302      3.713252149      1.304771087
    295.350000000      0.350721074      3.709756721      1.301089861
    295.425000000      0.350107361      3.706509521      1.297676266
    295.500000000      0.349539200      3.703500805      1.294518709
    295.575000000      0.349014660      3.700720911      1.291605851
    295.650000000      0.348531837      3.698160255      1.288926586
    295.725000000      0.348088854      3.695809334      1.286470036
    295.800000000      0.347683862      3.693658722      1.284225531
    295.875000000      0.347315036      3.691699070      1.282182597
    295.950000000      0.346980574      3.689921101      1.280330942
    296.025000000      0.346678696      3.688315608      1.278660444
    296.100000000      0.346407642      3.686873455      1.277161140
    296.175000000      0.346165674      3.685585578      1.275823216
    296.250000000      0.345951071      3.684442973      1.274636993
    296.325000000      0.345762129      3.683436704      1.273592918
    296.400000000      0.345597161      3.682557890      1.272681553
    296.475000000      0.345454495      3.681797710      1.271893568
    296.550000000      0.345332472      3.681147401      1.271219731
    296.625000000      0.345229446      3.680598250      1.270650896
    296.700000000      0.345143785      3.680141589      1.270177997
    296.775000000      0.345073864      3.679768803      1.269792041
    296.850000000      0.345018072      3.679471314      1.269484099
    296.925000000      0.344974804      3.679240586      1.269245298
    297.000000000      0.344942462      3.679068118      1.269066815
    297.075000000      0.344919458      3.678945435      1.268939864
    297.150000000      0.344904206      3.678864096      1.268855700
    297.225000000      0.344895128      3.678815680      1.268805603
    297.300000000      0.344890647      3.678791784      1.268780879
    297.375000000      0.344889192      3.678784023      1.268772849
    297.450000000      0.344889192      3.678784023      1.268772849
    297.525000000      0.344889192      3.678784023      1.268772848
    297.600000000      0.344889139      3.678783739      1.268772555
    297.675000000      0.344889082      3.678783438      1.268772243
    297.750000000      0.344889022      3.678783115      1.268771909
    297.825000000      0.344888957      3.678782768      1.268771551
    297.900000000      0.344888886      3.678782394      1.268771163
    297.975000000      0.344888810      3.678781988      1.268770743
    298.050000000      0.344888727      3.678781542      1.268770282
    298.125000000      0.344888634      3.678781050      1.268769772
    298.200000000      0.344888531      3.678780499      1.268769203
    298.275000000      0.344888414      3.678779876      1.268768558
    298.350000000      0.344888279      3.678779156      1.268767813
    298.425000000      0.344888120      3.678778306      1.268766933
    298.500000000      0.344887925      3.678777266      1.268765858
    298.575000000      0.344887674      3.678775930      1.268764475
    298.650000000      0.344887324      3.678774059      1.268762539
    298.725000000      0.344886739      3.678770941      1.268759313
    298.800000000      0.344884986      3.678761589      1.268749638
    298.875000000      0.344884714      3.678760142      1.268748140
    298.950000000      0.344884405      3.678758495      1.268746436
    299.025000000      0.344884051      3.678756604      1.268744480
    299.100000000      0.344883640      3.678754411      1.268742210
    299.175000000      0.344883157      3.678751836      1.268739546
    299.250000000      0.344882582      3.678748770      1.268736374
    299.325000000      0.344881886      3.678745059      1.268732535
    299.400000000      0.344881027      3.678740476      1.268727792
    299.475000000      0.344880179      3.678735957      1.268723117
    299.550000000      0.344879111      3.678730260      1.268717223
    299.625000000      0.344877718      3.678722828      1.268709533
    299.700000000      0.344875813      3.678712668      1.268699021
    299.775000000      0.344873028      3.678697815      1.268683654
    299.850000000      0.344868505      3.678673694      1.268658698
    299.925000000      0.344859614      3.678626274      1.268609638
    300.000000000      0.344831330      3.678475414      1.268453567
