3 
------------------------------------------------------------ 
CSHORE applied to idealized planar slope 
------------------------------------------------------------ 
1                                         ->ILINE
0                                         ->IPROFL
1                                         ->IPERM
1                                         ->IOVER
0                                         ->IWTRAN
0                                         ->IPOND
0                                         ->IWCINT
1                                         ->IROLL 
0                                         ->IWIND 
0                                         ->ITIDE 
0                                         ->IVEG  
     0.1000                                ->DXC
     0.8000                                ->GAMMA 
     0.0200                               ->RWH 
     0.5000     0.3400     1.1000
1                                         ->ILAB
1                                         ->NWAVE 
1                                         ->NSURGE 
       0.00     2.3000     0.1120     0.0000     0.0000     0.0000
331                                  ->NBINP 
331                                  ->NPINP 
     0.0000    -0.2100     0.0150
     0.1000    -0.2096     0.0150
     0.2000    -0.2091     0.0150
     0.3000    -0.2087     0.0150
     0.4000    -0.2083     0.0150
     0.5000    -0.2079     0.0150
     0.6000    -0.2074     0.0150
     0.7000    -0.2070     0.0150
     0.8000    -0.2066     0.0150
     0.9000    -0.2061     0.0150
     1.0000    -0.2057     0.0150
     1.1000    -0.2053     0.0150
     1.2000    -0.2049     0.0150
     1.3000    -0.2044     0.0150
     1.4000    -0.2040     0.0150
     1.5000    -0.2036     0.0150
     1.6000    -0.2031     0.0150
     1.7000    -0.2027     0.0150
     1.8000    -0.2023     0.0150
     1.9000    -0.2019     0.0150
     2.0000    -0.2014     0.0150
     2.1000    -0.2010     0.0150
     2.2000    -0.2006     0.0150
     2.3000    -0.2001     0.0150
     2.4000    -0.1997     0.0150
     2.5000    -0.1993     0.0150
     2.6000    -0.1989     0.0150
     2.7000    -0.1984     0.0150
     2.8000    -0.1980     0.0150
     2.9000    -0.1976     0.0150
     3.0000    -0.1971     0.0150
     3.1000    -0.1967     0.0150
     3.2000    -0.1963     0.0150
     3.3000    -0.1959     0.0150
     3.4000    -0.1954     0.0150
     3.5000    -0.1950     0.0150
     3.6000    -0.1946     0.0150
     3.7000    -0.1941     0.0150
     3.8000    -0.1937     0.0150
     3.9000    -0.1933     0.0150
     4.0000    -0.1929     0.0150
     4.1000    -0.1924     0.0150
     4.2000    -0.1920     0.0150
     4.3000    -0.1916     0.0150
     4.4000    -0.1911     0.0150
     4.5000    -0.1907     0.0150
     4.6000    -0.1903     0.0150
     4.7000    -0.1899     0.0150
     4.8000    -0.1894     0.0150
     4.9000    -0.1890     0.0150
     5.0000    -0.1886     0.0150
     5.1000    -0.1881     0.0150
     5.2000    -0.1877     0.0150
     5.3000    -0.1873     0.0150
     5.4000    -0.1869     0.0150
     5.5000    -0.1864     0.0150
     5.6000    -0.1860     0.0150
     5.7000    -0.1856     0.0150
     5.8000    -0.1851     0.0150
     5.9000    -0.1847     0.0150
     6.0000    -0.1843     0.0150
     6.1000    -0.1839     0.0150
     6.2000    -0.1834     0.0150
     6.3000    -0.1830     0.0150
     6.4000    -0.1826     0.0150
     6.5000    -0.1821     0.0150
     6.6000    -0.1817     0.0150
     6.7000    -0.1813     0.0150
     6.8000    -0.1809     0.0150
     6.9000    -0.1804     0.0150
     7.0000    -0.1800     0.0150
     7.1000    -0.1785     0.0150
     7.2000    -0.1771     0.0150
     7.3000    -0.1756     0.0150
     7.4000    -0.1742     0.0150
     7.5000    -0.1727     0.0150
     7.6000    -0.1712     0.0150
     7.7000    -0.1698     0.0150
     7.8000    -0.1683     0.0150
     7.9000    -0.1668     0.0150
     8.0000    -0.1654     0.0150
     8.1000    -0.1639     0.0150
     8.2000    -0.1625     0.0150
     8.3000    -0.1610     0.0150
     8.4000    -0.1595     0.0150
     8.5000    -0.1581     0.0150
     8.6000    -0.1566     0.0150
     8.7000    -0.1552     0.0150
     8.8000    -0.1537     0.0150
     8.9000    -0.1522     0.0150
     9.0000    -0.1508     0.0150
     9.1000    -0.1493     0.0150
     9.2000    -0.1478     0.0150
     9.3000    -0.1464     0.0150
     9.4000    -0.1449     0.0150
     9.5000    -0.1435     0.0150
     9.6000    -0.1420     0.0150
     9.7000    -0.1405     0.0150
     9.8000    -0.1391     0.0150
     9.9000    -0.1376     0.0150
    10.0000    -0.1362     0.0150
    10.1000    -0.1347     0.0150
    10.2000    -0.1332     0.0150
    10.3000    -0.1318     0.0150
    10.4000    -0.1303     0.0150
    10.5000    -0.1288     0.0150
    10.6000    -0.1274     0.0150
    10.7000    -0.1259     0.0150
    10.8000    -0.1245     0.0150
    10.9000    -0.1230     0.0150
    11.0000    -0.1215     0.0150
    11.1000    -0.1201     0.0150
    11.2000    -0.1186     0.0150
    11.3000    -0.1172     0.0150
    11.4000    -0.1157     0.0150
    11.5000    -0.1142     0.0150
    11.6000    -0.1128     0.0150
    11.7000    -0.1113     0.0150
    11.8000    -0.1098     0.0150
    11.9000    -0.1084     0.0150
    12.0000    -0.1069     0.0150
    12.1000    -0.1055     0.0150
    12.2000    -0.1040     0.0150
    12.3000    -0.1025     0.0150
    12.4000    -0.1011     0.0150
    12.5000    -0.0996     0.0150
    12.6000    -0.0982     0.0150
    12.7000    -0.0967     0.0150
    12.8000    -0.0952     0.0150
    12.9000    -0.0938     0.0150
    13.0000    -0.0923     0.0150
    13.1000    -0.0908     0.0150
    13.2000    -0.0894     0.0150
    13.3000    -0.0879     0.0150
    13.4000    -0.0865     0.0150
    13.5000    -0.0850     0.0150
    13.6000    -0.0835     0.0150
    13.7000    -0.0821     0.0150
    13.8000    -0.0806     0.0150
    13.9000    -0.0792     0.0150
    14.0000    -0.0777     0.0150
    14.1000    -0.0762     0.0150
    14.2000    -0.0748     0.0150
    14.3000    -0.0733     0.0150
    14.4000    -0.0718     0.0150
    14.5000    -0.0704     0.0150
    14.6000    -0.0689     0.0150
    14.7000    -0.0675     0.0150
    14.8000    -0.0660     0.0150
    14.9000    -0.0645     0.0150
    15.0000    -0.0631     0.0150
    15.1000    -0.0616     0.0150
    15.2000    -0.0602     0.0150
    15.3000    -0.0587     0.0150
    15.4000    -0.0572     0.0150
    15.5000    -0.0558     0.0150
    15.6000    -0.0543     0.0150
    15.7000    -0.0528     0.0150
    15.8000    -0.0514     0.0150
    15.9000    -0.0499     0.0150
    16.0000    -0.0485     0.0150
    16.1000    -0.0470     0.0150
    16.2000    -0.0455     0.0150
    16.3000    -0.0441     0.0150
    16.4000    -0.0426     0.0150
    16.5000    -0.0412     0.0150
    16.6000    -0.0397     0.0150
    16.7000    -0.0382     0.0150
    16.8000    -0.0368     0.0150
    16.9000    -0.0353     0.0150
    17.0000    -0.0338     0.0150
    17.1000    -0.0324     0.0150
    17.2000    -0.0309     0.0150
    17.3000    -0.0295     0.0150
    17.4000    -0.0280     0.0150
    17.5000    -0.0265     0.0150
    17.6000    -0.0251     0.0150
    17.7000    -0.0236     0.0150
    17.8000    -0.0222     0.0150
    17.9000    -0.0207     0.0150
    18.0000    -0.0192     0.0150
    18.1000    -0.0178     0.0150
    18.2000    -0.0163     0.0150
    18.3000    -0.0148     0.0150
    18.4000    -0.0134     0.0150
    18.5000    -0.0119     0.0150
    18.6000    -0.0105     0.0150
    18.7000    -0.0090     0.0150
    18.8000    -0.0075     0.0150
    18.9000    -0.0061     0.0150
    19.0000    -0.0046     0.0150
    19.1000    -0.0032     0.0150
    19.2000    -0.0017     0.0150
    19.3000    -0.0002     0.0150
    19.4000     0.0012     0.0150
    19.5000     0.0027     0.0150
    19.6000     0.0042     0.0150
    19.7000     0.0056     0.0150
    19.8000     0.0071     0.0150
    19.9000     0.0085     0.0150
    20.0000     0.0100     0.0150
    20.1000     0.0115     0.0150
    20.2000     0.0129     0.0150
    20.3000     0.0144     0.0150
    20.4000     0.0158     0.0150
    20.5000     0.0173     0.0150
    20.6000     0.0188     0.0150
    20.7000     0.0202     0.0150
    20.8000     0.0217     0.0150
    20.9000     0.0232     0.0150
    21.0000     0.0246     0.0150
    21.1000     0.0261     0.0150
    21.2000     0.0275     0.0150
    21.3000     0.0290     0.0150
    21.4000     0.0305     0.0150
    21.5000     0.0319     0.0150
    21.6000     0.0334     0.0150
    21.7000     0.0348     0.0150
    21.8000     0.0363     0.0150
    21.9000     0.0378     0.0150
    22.0000     0.0392     0.0150
    22.1000     0.0407     0.0150
    22.2000     0.0422     0.0150
    22.3000     0.0436     0.0150
    22.4000     0.0451     0.0150
    22.5000     0.0465     0.0150
    22.6000     0.0480     0.0150
    22.7000     0.0495     0.0150
    22.8000     0.0509     0.0150
    22.9000     0.0524     0.0150
    23.0000     0.0538     0.0150
    23.1000     0.0553     0.0150
    23.2000     0.0568     0.0150
    23.3000     0.0582     0.0150
    23.4000     0.0597     0.0150
    23.5000     0.0612     0.0150
    23.6000     0.0626     0.0150
    23.7000     0.0641     0.0150
    23.8000     0.0655     0.0150
    23.9000     0.0670     0.0150
    24.0000     0.0685     0.0150
    24.1000     0.0699     0.0150
    24.2000     0.0714     0.0150
    24.3000     0.0728     0.0150
    24.4000     0.0743     0.0150
    24.5000     0.0758     0.0150
    24.6000     0.0772     0.0150
    24.7000     0.0787     0.0150
    24.8000     0.0802     0.0150
    24.9000     0.0816     0.0150
    25.0000     0.0831     0.0150
    25.1000     0.0845     0.0150
    25.2000     0.0860     0.0150
    25.3000     0.0875     0.0150
    25.4000     0.0889     0.0150
    25.5000     0.0904     0.0150
    25.6000     0.0918     0.0150
    25.7000     0.0933     0.0150
    25.8000     0.0948     0.0150
    25.9000     0.0962     0.0150
    26.0000     0.0977     0.0150
    26.1000     0.0992     0.0150
    26.2000     0.1006     0.0150
    26.3000     0.1021     0.0150
    26.4000     0.1035     0.0150
    26.5000     0.1050     0.0150
    26.6000     0.1065     0.0150
    26.7000     0.1079     0.0150
    26.8000     0.1094     0.0150
    26.9000     0.1108     0.0150
    27.0000     0.1123     0.0150
    27.1000     0.1138     0.0150
    27.2000     0.1152     0.0150
    27.3000     0.1167     0.0150
    27.4000     0.1182     0.0150
    27.5000     0.1196     0.0150
    27.6000     0.1211     0.0150
    27.7000     0.1225     0.0150
    27.8000     0.1240     0.0150
    27.9000     0.1255     0.0150
    28.0000     0.1269     0.0150
    28.1000     0.1284     0.0150
    28.2000     0.1298     0.0150
    28.3000     0.1313     0.0150
    28.4000     0.1328     0.0150
    28.5000     0.1342     0.0150
    28.6000     0.1357     0.0150
    28.7000     0.1372     0.0150
    28.8000     0.1386     0.0150
    28.9000     0.1401     0.0150
    29.0000     0.1415     0.0150
    29.1000     0.1430     0.0150
    29.2000     0.1445     0.0150
    29.3000     0.1459     0.0150
    29.4000     0.1474     0.0150
    29.5000     0.1488     0.0150
    29.6000     0.1503     0.0150
    29.7000     0.1518     0.0150
    29.8000     0.1532     0.0150
    29.9000     0.1547     0.0150
    30.0000     0.1562     0.0150
    30.1000     0.1576     0.0150
    30.2000     0.1591     0.0150
    30.3000     0.1605     0.0150
    30.4000     0.1620     0.0150
    30.5000     0.1635     0.0150
    30.6000     0.1649     0.0150
    30.7000     0.1664     0.0150
    30.8000     0.1678     0.0150
    30.9000     0.1693     0.0150
    31.0000     0.1708     0.0150
    31.1000     0.1722     0.0150
    31.2000     0.1737     0.0150
    31.3000     0.1752     0.0150
    31.4000     0.1766     0.0150
    31.5000     0.1781     0.0150
    31.6000     0.1795     0.0150
    31.7000     0.1810     0.0150
    31.8000     0.1825     0.0150
    31.9000     0.1839     0.0150
    32.0000     0.1854     0.0150
    32.1000     0.1868     0.0150
    32.2000     0.1883     0.0150
    32.3000     0.1898     0.0150
    32.4000     0.1912     0.0150
    32.5000     0.1927     0.0150
    32.6000     0.1942     0.0150
    32.7000     0.1956     0.0150
    32.8000     0.1971     0.0150
    32.9000     0.1985     0.0150
    33.0000     0.2000     0.0150
     0.0000    -0.2100
     0.1000    -0.2090
     0.2000    -0.2081
     0.3000    -0.2071
     0.4000    -0.2062
     0.5000    -0.2052
     0.6000    -0.2043
     0.7000    -0.2033
     0.8000    -0.2024
     0.9000    -0.2014
     1.0000    -0.2005
     1.1000    -0.1995
     1.2000    -0.1986
     1.3000    -0.1976
     1.4000    -0.1967
     1.5000    -0.1957
     1.6000    -0.1948
     1.7000    -0.1938
     1.8000    -0.1929
     1.9000    -0.1919
     2.0000    -0.1910
     2.1000    -0.1900
     2.2000    -0.1890
     2.3000    -0.1881
     2.4000    -0.1871
     2.5000    -0.1862
     2.6000    -0.1852
     2.7000    -0.1843
     2.8000    -0.1833
     2.9000    -0.1824
     3.0000    -0.1814
     3.1000    -0.1805
     3.2000    -0.1795
     3.3000    -0.1786
     3.4000    -0.1776
     3.5000    -0.1767
     3.6000    -0.1757
     3.7000    -0.1748
     3.8000    -0.1738
     3.9000    -0.1729
     4.0000    -0.1719
     4.1000    -0.1710
     4.2000    -0.1700
     4.3000    -0.1690
     4.4000    -0.1681
     4.5000    -0.1671
     4.6000    -0.1662
     4.7000    -0.1652
     4.8000    -0.1643
     4.9000    -0.1633
     5.0000    -0.1624
     5.1000    -0.1614
     5.2000    -0.1605
     5.3000    -0.1595
     5.4000    -0.1586
     5.5000    -0.1576
     5.6000    -0.1567
     5.7000    -0.1557
     5.8000    -0.1548
     5.9000    -0.1538
     6.0000    -0.1529
     6.1000    -0.1519
     6.2000    -0.1510
     6.3000    -0.1500
     6.4000    -0.1487
     6.5000    -0.1474
     6.6000    -0.1461
     6.7000    -0.1448
     6.8000    -0.1434
     6.9000    -0.1421
     7.0000    -0.1408
     7.1000    -0.1395
     7.2000    -0.1382
     7.3000    -0.1369
     7.4000    -0.1356
     7.5000    -0.1343
     7.6000    -0.1330
     7.7000    -0.1316
     7.8000    -0.1303
     7.9000    -0.1290
     8.0000    -0.1277
     8.1000    -0.1264
     8.2000    -0.1251
     8.3000    -0.1238
     8.4000    -0.1225
     8.5000    -0.1212
     8.6000    -0.1199
     8.7000    -0.1185
     8.8000    -0.1172
     8.9000    -0.1159
     9.0000    -0.1146
     9.1000    -0.1133
     9.2000    -0.1120
     9.3000    -0.1107
     9.4000    -0.1094
     9.5000    -0.1081
     9.6000    -0.1067
     9.7000    -0.1054
     9.8000    -0.1041
     9.9000    -0.1028
    10.0000    -0.1015
    10.1000    -0.1002
    10.2000    -0.0989
    10.3000    -0.0976
    10.4000    -0.0963
    10.5000    -0.0949
    10.6000    -0.0936
    10.7000    -0.0923
    10.8000    -0.0910
    10.9000    -0.0897
    11.0000    -0.0884
    11.1000    -0.0871
    11.2000    -0.0858
    11.3000    -0.0845
    11.4000    -0.0831
    11.5000    -0.0818
    11.6000    -0.0805
    11.7000    -0.0792
    11.8000    -0.0779
    11.9000    -0.0766
    12.0000    -0.0753
    12.1000    -0.0740
    12.2000    -0.0727
    12.3000    -0.0713
    12.4000    -0.0700
    12.5000    -0.0687
    12.6000    -0.0674
    12.7000    -0.0661
    12.8000    -0.0648
    12.9000    -0.0635
    13.0000    -0.0622
    13.1000    -0.0609
    13.2000    -0.0596
    13.3000    -0.0582
    13.4000    -0.0569
    13.5000    -0.0556
    13.6000    -0.0543
    13.7000    -0.0530
    13.8000    -0.0517
    13.9000    -0.0504
    14.0000    -0.0491
    14.1000    -0.0478
    14.2000    -0.0464
    14.3000    -0.0451
    14.4000    -0.0438
    14.5000    -0.0425
    14.6000    -0.0412
    14.7000    -0.0399
    14.8000    -0.0386
    14.9000    -0.0373
    15.0000    -0.0360
    15.1000    -0.0346
    15.2000    -0.0333
    15.3000    -0.0320
    15.4000    -0.0307
    15.5000    -0.0294
    15.6000    -0.0281
    15.7000    -0.0268
    15.8000    -0.0255
    15.9000    -0.0242
    16.0000    -0.0228
    16.1000    -0.0215
    16.2000    -0.0202
    16.3000    -0.0189
    16.4000    -0.0176
    16.5000    -0.0163
    16.6000    -0.0150
    16.7000    -0.0137
    16.8000    -0.0124
    16.9000    -0.0110
    17.0000    -0.0097
    17.1000    -0.0084
    17.2000    -0.0071
    17.3000    -0.0058
    17.4000    -0.0045
    17.5000    -0.0032
    17.6000    -0.0019
    17.7000    -0.0006
    17.8000     0.0007
    17.9000     0.0021
    18.0000     0.0034
    18.1000     0.0047
    18.2000     0.0060
    18.3000     0.0073
    18.4000     0.0086
    18.5000     0.0099
    18.6000     0.0112
    18.7000     0.0125
    18.8000     0.0139
    18.9000     0.0152
    19.0000     0.0165
    19.1000     0.0178
    19.2000     0.0191
    19.3000     0.0204
    19.4000     0.0217
    19.5000     0.0230
    19.6000     0.0243
    19.7000     0.0257
    19.8000     0.0270
    19.9000     0.0283
    20.0000     0.0296
    20.1000     0.0309
    20.2000     0.0322
    20.3000     0.0335
    20.4000     0.0348
    20.5000     0.0361
    20.6000     0.0375
    20.7000     0.0388
    20.8000     0.0401
    20.9000     0.0414
    21.0000     0.0427
    21.1000     0.0440
    21.2000     0.0453
    21.3000     0.0466
    21.4000     0.0479
    21.5000     0.0493
    21.6000     0.0506
    21.7000     0.0519
    21.8000     0.0532
    21.9000     0.0545
    22.0000     0.0558
    22.1000     0.0571
    22.2000     0.0584
    22.3000     0.0597
    22.4000     0.0610
    22.5000     0.0624
    22.6000     0.0637
    22.7000     0.0650
    22.8000     0.0663
    22.9000     0.0676
    23.0000     0.0689
    23.1000     0.0702
    23.2000     0.0715
    23.3000     0.0728
    23.4000     0.0742
    23.5000     0.0755
    23.6000     0.0768
    23.7000     0.0781
    23.8000     0.0794
    23.9000     0.0807
    24.0000     0.0820
    24.1000     0.0833
    24.2000     0.0846
    24.3000     0.0860
    24.4000     0.0873
    24.5000     0.0886
    24.6000     0.0899
    24.7000     0.0912
    24.8000     0.0925
    24.9000     0.0938
    25.0000     0.0951
    25.1000     0.0964
    25.2000     0.0978
    25.3000     0.0991
    25.4000     0.1004
    25.5000     0.1017
    25.6000     0.1030
    25.7000     0.1043
    25.8000     0.1056
    25.9000     0.1069
    26.0000     0.1082
    26.1000     0.1096
    26.2000     0.1109
    26.3000     0.1122
    26.4000     0.1135
    26.5000     0.1148
    26.6000     0.1161
    26.7000     0.1174
    26.8000     0.1187
    26.9000     0.1200
    27.0000     0.1213
    27.1000     0.1227
    27.2000     0.1240
    27.3000     0.1253
    27.4000     0.1266
    27.5000     0.1279
    27.6000     0.1292
    27.7000     0.1305
    27.8000     0.1318
    27.9000     0.1331
    28.0000     0.1345
    28.1000     0.1358
    28.2000     0.1371
    28.3000     0.1384
    28.4000     0.1397
    28.5000     0.1410
    28.6000     0.1423
    28.7000     0.1436
    28.8000     0.1449
    28.9000     0.1463
    29.0000     0.1476
    29.1000     0.1489
    29.2000     0.1502
    29.3000     0.1515
    29.4000     0.1528
    29.5000     0.1541
    29.6000     0.1554
    29.7000     0.1567
    29.8000     0.1581
    29.9000     0.1594
    30.0000     0.1607
    30.1000     0.1620
    30.2000     0.1633
    30.3000     0.1646
    30.4000     0.1659
    30.5000     0.1672
    30.6000     0.1685
    30.7000     0.1699
    30.8000     0.1712
    30.9000     0.1725
    31.0000     0.1738
    31.1000     0.1751
    31.2000     0.1764
    31.3000     0.1777
    31.4000     0.1790
    31.5000     0.1803
    31.6000     0.1816
    31.7000     0.1830
    31.8000     0.1843
    31.9000     0.1856
    32.0000     0.1869
    32.1000     0.1882
    32.2000     0.1895
    32.3000     0.1908
    32.4000     0.1921
    32.5000     0.1934
    32.6000     0.1948
    32.7000     0.1961
    32.8000     0.1974
    32.9000     0.1987
    33.0000     0.2000
