       1     331        0.0
      0.000000000     -0.210000000     -0.210000000
      0.100000000     -0.209033333     -0.209033333
      0.200000000     -0.208080000     -0.208080000
      0.300000000     -0.207120000     -0.207120000
      0.400000000     -0.206180000     -0.206180000
      0.500000000     -0.205220000     -0.205220000
      0.600000000     -0.204280000     -0.204280000
      0.700000000     -0.203320000     -0.203320000
      0.800000000     -0.202380000     -0.202380000
      0.900000000     -0.201420000     -0.201420000
      1.000000000     -0.200480000     -0.200480000
      1.100000000     -0.199520000     -0.199520000
      1.200000000     -0.198580000     -0.198580000
      1.300000000     -0.197620000     -0.197620000
      1.400000000     -0.196680000     -0.196680000
      1.500000000     -0.195720000     -0.195720000
      1.600000000     -0.194780000     -0.194780000
      1.700000000     -0.193820000     -0.193820000
      1.800000000     -0.192880000     -0.192880000
      1.900000000     -0.191920000     -0.191920000
      2.000000000     -0.190960000     -0.190960000
      2.100000000     -0.190000000     -0.190000000
      2.200000000     -0.189040000     -0.189040000
      2.300000000     -0.188080000     -0.188080000
      2.400000000     -0.187120000     -0.187120000
      2.500000000     -0.186180000     -0.186180000
      2.600000000     -0.185220000     -0.185220000
      2.700000000     -0.184280000     -0.184280000
      2.800000000     -0.183320000     -0.183320000
      2.900000000     -0.182380000     -0.182380000
      3.000000000     -0.181420000     -0.181420000
      3.100000000     -0.180480000     -0.180480000
      3.200000000     -0.179520000     -0.179520000
      3.300000000     -0.178580000     -0.178580000
      3.400000000     -0.177620000     -0.177620000
      3.500000000     -0.176680000     -0.176680000
      3.600000000     -0.175720000     -0.175720000
      3.700000000     -0.174780000     -0.174780000
      3.800000000     -0.173820000     -0.173820000
      3.900000000     -0.172880000     -0.172880000
      4.000000000     -0.171920000     -0.171920000
      4.100000000     -0.170960000     -0.170960000
      4.200000000     -0.170000000     -0.170000000
      4.300000000     -0.169040000     -0.169040000
      4.400000000     -0.168080000     -0.168080000
      4.500000000     -0.167120000     -0.167120000
      4.600000000     -0.166180000     -0.166180000
      4.700000000     -0.165220000     -0.165220000
      4.800000000     -0.164280000     -0.164280000
      4.900000000     -0.163320000     -0.163320000
      5.000000000     -0.162380000     -0.162380000
      5.100000000     -0.161420000     -0.161420000
      5.200000000     -0.160480000     -0.160480000
      5.300000000     -0.159520000     -0.159520000
      5.400000000     -0.158580000     -0.158580000
      5.500000000     -0.157620000     -0.157620000
      5.600000000     -0.156680000     -0.156680000
      5.700000000     -0.155720000     -0.155720000
      5.800000000     -0.154780000     -0.154780000
      5.900000000     -0.153820000     -0.153820000
      6.000000000     -0.152880000     -0.152880000
      6.100000000     -0.151920000     -0.151920000
      6.200000000     -0.150900000     -0.150900000
      6.300000000     -0.149800000     -0.149800000
      6.400000000     -0.148640000     -0.148640000
      6.500000000     -0.147400000     -0.147400000
      6.600000000     -0.146080000     -0.146080000
      6.700000000     -0.144760000     -0.144760000
      6.800000000     -0.143440000     -0.143440000
      6.900000000     -0.142120000     -0.142120000
      7.000000000     -0.140800000     -0.140800000
      7.100000000     -0.139500000     -0.139500000
      7.200000000     -0.138200000     -0.138200000
      7.300000000     -0.136900000     -0.136900000
      7.400000000     -0.135600000     -0.135600000
      7.500000000     -0.134280000     -0.134280000
      7.600000000     -0.132960000     -0.132960000
      7.700000000     -0.131640000     -0.131640000
      7.800000000     -0.130320000     -0.130320000
      7.900000000     -0.129000000     -0.129000000
      8.000000000     -0.127700000     -0.127700000
      8.100000000     -0.126400000     -0.126400000
      8.200000000     -0.125100000     -0.125100000
      8.300000000     -0.123800000     -0.123800000
      8.400000000     -0.122500000     -0.122500000
      8.500000000     -0.121180000     -0.121180000
      8.600000000     -0.119860000     -0.119860000
      8.700000000     -0.118540000     -0.118540000
      8.800000000     -0.117220000     -0.117220000
      8.900000000     -0.115900000     -0.115900000
      9.000000000     -0.114600000     -0.114600000
      9.100000000     -0.113300000     -0.113300000
      9.200000000     -0.112000000     -0.112000000
      9.300000000     -0.110700000     -0.110700000
      9.400000000     -0.109380000     -0.109380000
      9.500000000     -0.108060000     -0.108060000
      9.600000000     -0.106740000     -0.106740000
      9.700000000     -0.105420000     -0.105420000
      9.800000000     -0.104100000     -0.104100000
      9.900000000     -0.102800000     -0.102800000
     10.000000000     -0.101500000     -0.101500000
     10.100000000     -0.100200000     -0.100200000
     10.200000000     -0.098900000     -0.098900000
     10.300000000     -0.097580000     -0.097580000
     10.400000000     -0.096260000     -0.096260000
     10.500000000     -0.094940000     -0.094940000
     10.600000000     -0.093620000     -0.093620000
     10.700000000     -0.092300000     -0.092300000
     10.800000000     -0.091000000     -0.091000000
     10.900000000     -0.089700000     -0.089700000
     11.000000000     -0.088400000     -0.088400000
     11.100000000     -0.087100000     -0.087100000
     11.200000000     -0.085780000     -0.085780000
     11.300000000     -0.084460000     -0.084460000
     11.400000000     -0.083140000     -0.083140000
     11.500000000     -0.081820000     -0.081820000
     11.600000000     -0.080500000     -0.080500000
     11.700000000     -0.079200000     -0.079200000
     11.800000000     -0.077900000     -0.077900000
     11.900000000     -0.076600000     -0.076600000
     12.000000000     -0.075300000     -0.075300000
     12.100000000     -0.073980000     -0.073980000
     12.200000000     -0.072660000     -0.072660000
     12.300000000     -0.071340000     -0.071340000
     12.400000000     -0.070020000     -0.070020000
     12.500000000     -0.068700000     -0.068700000
     12.600000000     -0.067400000     -0.067400000
     12.700000000     -0.066100000     -0.066100000
     12.800000000     -0.064800000     -0.064800000
     12.900000000     -0.063500000     -0.063500000
     13.000000000     -0.062200000     -0.062200000
     13.100000000     -0.060880000     -0.060880000
     13.200000000     -0.059560000     -0.059560000
     13.300000000     -0.058240000     -0.058240000
     13.400000000     -0.056920000     -0.056920000
     13.500000000     -0.055600000     -0.055600000
     13.600000000     -0.054300000     -0.054300000
     13.700000000     -0.053000000     -0.053000000
     13.800000000     -0.051700000     -0.051700000
     13.900000000     -0.050400000     -0.050400000
     14.000000000     -0.049080000     -0.049080000
     14.100000000     -0.047760000     -0.047760000
     14.200000000     -0.046440000     -0.046440000
     14.300000000     -0.045120000     -0.045120000
     14.400000000     -0.043800000     -0.043800000
     14.500000000     -0.042500000     -0.042500000
     14.600000000     -0.041200000     -0.041200000
     14.700000000     -0.039900000     -0.039900000
     14.800000000     -0.038600000     -0.038600000
     14.900000000     -0.037280000     -0.037280000
     15.000000000     -0.035960000     -0.035960000
     15.100000000     -0.034640000     -0.034640000
     15.200000000     -0.033320000     -0.033320000
     15.300000000     -0.032000000     -0.032000000
     15.400000000     -0.030700000     -0.030700000
     15.500000000     -0.029400000     -0.029400000
     15.600000000     -0.028100000     -0.028100000
     15.700000000     -0.026800000     -0.026800000
     15.800000000     -0.025480000     -0.025480000
     15.900000000     -0.024160000     -0.024160000
     16.000000000     -0.022840000     -0.022840000
     16.100000000     -0.021520000     -0.021520000
     16.200000000     -0.020200000     -0.020200000
     16.300000000     -0.018900000     -0.018900000
     16.400000000     -0.017600000     -0.017600000
     16.500000000     -0.016300000     -0.016300000
     16.600000000     -0.015000000     -0.015000000
     16.700000000     -0.013680000     -0.013680000
     16.800000000     -0.012360000     -0.012360000
     16.900000000     -0.011040000     -0.011040000
     17.000000000     -0.009720000     -0.009720000
     17.100000000     -0.008400000     -0.008400000
     17.200000000     -0.007100000     -0.007100000
     17.300000000     -0.005800000     -0.005800000
     17.400000000     -0.004500000     -0.004500000
     17.500000000     -0.003200000     -0.003200000
     17.600000000     -0.001900000     -0.001900000
     17.700000000     -0.000580000     -0.000580000
     17.800000000      0.000740000      0.000740000
     17.900000000      0.002060000      0.002060000
     18.000000000      0.003380000      0.003380000
     18.100000000      0.004700000      0.004700000
     18.200000000      0.006000000      0.006000000
     18.300000000      0.007300000      0.007300000
     18.400000000      0.008600000      0.008600000
     18.500000000      0.009900000      0.009900000
     18.600000000      0.011220000      0.011220000
     18.700000000      0.012540000      0.012540000
     18.800000000      0.013860000      0.013860000
     18.900000000      0.015180000      0.015180000
     19.000000000      0.016500000      0.016500000
     19.100000000      0.017800000      0.017800000
     19.200000000      0.019100000      0.019100000
     19.300000000      0.020400000      0.020400000
     19.400000000      0.021700000      0.021700000
     19.500000000      0.023020000      0.023020000
     19.600000000      0.024340000      0.024340000
     19.700000000      0.025660000      0.025660000
     19.800000000      0.026980000      0.026980000
     19.900000000      0.028300000      0.028300000
     20.000000000      0.029600000      0.029600000
     20.100000000      0.030900000      0.030900000
     20.200000000      0.032200000      0.032200000
     20.300000000      0.033500000      0.033500000
     20.400000000      0.034820000      0.034820000
     20.500000000      0.036140000      0.036140000
     20.600000000      0.037460000      0.037460000
     20.700000000      0.038780000      0.038780000
     20.800000000      0.040100000      0.040100000
     20.900000000      0.041400000      0.041400000
     21.000000000      0.042700000      0.042700000
     21.100000000      0.044000000      0.044000000
     21.200000000      0.045300000      0.045300000
     21.300000000      0.046620000      0.046620000
     21.400000000      0.047940000      0.047940000
     21.500000000      0.049260000      0.049260000
     21.600000000      0.050580000      0.050580000
     21.700000000      0.051900000      0.051900000
     21.800000000      0.053200000      0.053200000
     21.900000000      0.054500000      0.054500000
     22.000000000      0.055800000      0.055800000
     22.100000000      0.057100000      0.057100000
     22.200000000      0.058400000      0.058400000
     22.300000000      0.059720000      0.059720000
     22.400000000      0.061040000      0.061040000
     22.500000000      0.062360000      0.062360000
     22.600000000      0.063680000      0.063680000
     22.700000000      0.065000000      0.065000000
     22.800000000      0.066300000      0.066300000
     22.900000000      0.067600000      0.067600000
     23.000000000      0.068900000      0.068900000
     23.100000000      0.070200000      0.070200000
     23.200000000      0.071520000      0.071520000
     23.300000000      0.072840000      0.072840000
     23.400000000      0.074160000      0.074160000
     23.500000000      0.075480000      0.075480000
     23.600000000      0.076800000      0.076800000
     23.700000000      0.078100000      0.078100000
     23.800000000      0.079400000      0.079400000
     23.900000000      0.080700000      0.080700000
     24.000000000      0.082000000      0.082000000
     24.100000000      0.083320000      0.083320000
     24.200000000      0.084640000      0.084640000
     24.300000000      0.085960000      0.085960000
     24.400000000      0.087280000      0.087280000
     24.500000000      0.088600000      0.088600000
     24.600000000      0.089900000      0.089900000
     24.700000000      0.091200000      0.091200000
     24.800000000      0.092500000      0.092500000
     24.900000000      0.093800000      0.093800000
     25.000000000      0.095120000      0.095120000
     25.100000000      0.096440000      0.096440000
     25.200000000      0.097760000      0.097760000
     25.300000000      0.099080000      0.099080000
     25.400000000      0.100400000      0.100400000
     25.500000000      0.101700000      0.101700000
     25.600000000      0.103000000      0.103000000
     25.700000000      0.104300000      0.104300000
     25.800000000      0.105600000      0.105600000
     25.900000000      0.106920000      0.106920000
     26.000000000      0.108240000      0.108240000
     26.100000000      0.109560000      0.109560000
     26.200000000      0.110880000      0.110880000
     26.300000000      0.112200000      0.112200000
     26.400000000      0.113500000      0.113500000
     26.500000000      0.114800000      0.114800000
     26.600000000      0.116100000      0.116100000
     26.700000000      0.117400000      0.117400000
     26.800000000      0.118700000      0.118700000
     26.900000000      0.120020000      0.120020000
     27.000000000      0.121340000      0.121340000
     27.100000000      0.122660000      0.122660000
     27.200000000      0.123980000      0.123980000
     27.300000000      0.125300000      0.125300000
     27.400000000      0.126600000      0.126600000
     27.500000000      0.127900000      0.127900000
     27.600000000      0.129200000      0.129200000
     27.700000000      0.130500000      0.130500000
     27.800000000      0.131820000      0.131820000
     27.900000000      0.133140000      0.133140000
     28.000000000      0.134460000      0.134460000
     28.100000000      0.135780000      0.135780000
     28.200000000      0.137100000      0.137100000
     28.300000000      0.138400000      0.138400000
     28.400000000      0.139700000      0.139700000
     28.500000000      0.141000000      0.141000000
     28.600000000      0.142300000      0.142300000
     28.700000000      0.143620000      0.143620000
     28.800000000      0.144940000      0.144940000
     28.900000000      0.146260000      0.146260000
     29.000000000      0.147580000      0.147580000
     29.100000000      0.148900000      0.148900000
     29.200000000      0.150200000      0.150200000
     29.300000000      0.151500000      0.151500000
     29.400000000      0.152800000      0.152800000
     29.500000000      0.154100000      0.154100000
     29.600000000      0.155420000      0.155420000
     29.700000000      0.156740000      0.156740000
     29.800000000      0.158060000      0.158060000
     29.900000000      0.159380000      0.159380000
     30.000000000      0.160700000      0.160700000
     30.100000000      0.162000000      0.162000000
     30.200000000      0.163300000      0.163300000
     30.300000000      0.164600000      0.164600000
     30.400000000      0.165900000      0.165900000
     30.500000000      0.167220000      0.167220000
     30.600000000      0.168540000      0.168540000
     30.700000000      0.169860000      0.169860000
     30.800000000      0.171180000      0.171180000
     30.900000000      0.172500000      0.172500000
     31.000000000      0.173800000      0.173800000
     31.100000000      0.175100000      0.175100000
     31.200000000      0.176400000      0.176400000
     31.300000000      0.177700000      0.177700000
     31.400000000      0.179000000      0.179000000
     31.500000000      0.180320000      0.180320000
     31.600000000      0.181640000      0.181640000
     31.700000000      0.182960000      0.182960000
     31.800000000      0.184280000      0.184280000
     31.900000000      0.185600000      0.185600000
     32.000000000      0.186900000      0.186900000
     32.100000000      0.188200000      0.188200000
     32.200000000      0.189500000      0.189500000
     32.300000000      0.190800000      0.190800000
     32.400000000      0.192120000      0.192120000
     32.500000000      0.193440000      0.193440000
     32.600000000      0.194760000      0.194760000
     32.700000000      0.195949935      0.195949935
     32.800000000      0.197079700      0.197009805
     32.900000000      0.198532834      0.198049675
     33.000000000      0.199998501      0.198699350
