       1     194        0.0
      0.000000000      0.002076410      0.000528459      0.000023630
      0.100000000      0.002022611      0.000501263      0.000022984
      0.200000000      0.001971498      0.000475988      0.000022382
      0.300000000      0.001922890      0.000452677      0.000021791
      0.400000000      0.001876592      0.000430871      0.000021231
      0.500000000      0.001832440      0.000410822      0.000020701
      0.600000000      0.001790304      0.000392018      0.000020198
      0.700000000      0.001750021      0.000374690      0.000019721
      0.800000000      0.001711500      0.000358387      0.000019265
      0.900000000      0.001674586      0.000343335      0.000018832
      1.000000000      0.001638953      0.000328960      0.000018419
      1.100000000      0.001604772      0.000315686      0.000018025
      1.200000000      0.001572105      0.000303211      0.000017648
      1.300000000      0.001540646      0.000291647      0.000017290
      1.400000000      0.001510348      0.000280639      0.000016946
      1.500000000      0.001481130      0.000270431      0.000016618
      1.600000000      0.001452940      0.000260686      0.000016302
      1.700000000      0.001425721      0.000251645      0.000016000
      1.800000000      0.001399415      0.000242985      0.000015711
      1.900000000      0.001373972      0.000234946      0.000015433
      2.000000000      0.001349337      0.000227349      0.000015166
      2.100000000      0.001325468      0.000220163      0.000014910
      2.200000000      0.001302322      0.000213361      0.000014663
      2.300000000      0.001279858      0.000206916      0.000014424
      2.400000000      0.001258046      0.000200806      0.000014195
      2.500000000      0.001236857      0.000194891      0.000013972
      2.600000000      0.001216260      0.000189392      0.000013757
      2.700000000      0.001196227      0.000184053      0.000013549
      2.800000000      0.001176728      0.000179087      0.000013349
      2.900000000      0.001157740      0.000174253      0.000013154
      3.000000000      0.001139237      0.000169756      0.000012967
      3.100000000      0.001121197      0.000165366      0.000012785
      3.200000000      0.001103598      0.000161282      0.000012609
      3.300000000      0.001086420      0.000157283      0.000012438
      3.400000000      0.001069646      0.000153564      0.000012273
      3.500000000      0.001053256      0.000149910      0.000012112
      3.600000000      0.001037234      0.000146514      0.000011957
      3.700000000      0.001021565      0.000143169      0.000011805
      3.800000000      0.001006233      0.000140060      0.000011659
      3.900000000      0.000991224      0.000136988      0.000011516
      4.000000000      0.000976526      0.000134135      0.000011379
      4.100000000      0.000962121      0.000131396      0.000011244
      4.200000000      0.000947998      0.000128766      0.000011114
      4.300000000      0.000934145      0.000126238      0.000010988
      4.400000000      0.000920553      0.000123807      0.000010864
      4.500000000      0.000907211      0.000121469      0.000010743
      4.600000000      0.000894115      0.000119133      0.000010624
      4.700000000      0.000881255      0.000116970      0.000010508
      4.800000000      0.000868624      0.000114802      0.000010395
      4.900000000      0.000856212      0.000112795      0.000010285
      5.000000000      0.000844013      0.000110778      0.000010177
      5.100000000      0.000832018      0.000108914      0.000010071
      5.200000000      0.000820221      0.000107034      0.000009968
      5.300000000      0.000808614      0.000105298      0.000009867
      5.400000000      0.000797193      0.000103541      0.000009768
      5.500000000      0.000785950      0.000101921      0.000009672
      5.600000000      0.000774881      0.000100275      0.000009577
      5.700000000      0.000763979      0.000098759      0.000009485
      5.800000000      0.000753240      0.000097215      0.000009394
      5.900000000      0.000742659      0.000095794      0.000009305
      6.000000000      0.000732230      0.000094341      0.000009219
      6.100000000      0.000721949      0.000093007      0.000009140
      6.200000000      0.000711795      0.000091931      0.000009067
      6.300000000      0.000701739      0.000091169      0.000009003
      6.400000000      0.000691755      0.000090632      0.000008949
      6.500000000      0.000681815      0.000090382      0.000008902
      6.600000000      0.000671891      0.000090406      0.000008862
      6.700000000      0.000661969      0.000090398      0.000008824
      6.800000000      0.000652053      0.000090357      0.000008788
      6.900000000      0.000642147      0.000090281      0.000008749
      7.000000000      0.000632254      0.000090169      0.000008708
      7.100000000      0.000622382      0.000089948      0.000008665
      7.200000000      0.000612538      0.000089698      0.000008621
      7.300000000      0.000602726      0.000089419      0.000008575
      7.400000000      0.000592947      0.000089115      0.000008528
      7.500000000      0.000583200      0.000088864      0.000008481
      7.600000000      0.000573485      0.000088586      0.000008433
      7.700000000      0.000563803      0.000088283      0.000008385
      7.800000000      0.000554158      0.000087953      0.000008336
      7.900000000      0.000544552      0.000087598      0.000008285
      8.000000000      0.000534992      0.000087143      0.000008232
      8.100000000      0.000525484      0.000086667      0.000008179
      8.200000000      0.000516030      0.000086171      0.000008123
      8.300000000      0.000506632      0.000085656      0.000008068
      8.400000000      0.000497293      0.000085122      0.000008012
      8.500000000      0.000488009      0.000084645      0.000007956
      8.600000000      0.000478780      0.000084147      0.000007900
      8.700000000      0.000469607      0.000083626      0.000007843
      8.800000000      0.000460493      0.000083084      0.000007785
      8.900000000      0.000451440      0.000082520      0.000007725
      9.000000000      0.000442455      0.000081861      0.000007664
      9.100000000      0.000433542      0.000081186      0.000007602
      9.200000000      0.000424704      0.000080498      0.000007539
      9.300000000      0.000415942      0.000079796      0.000007476
      9.400000000      0.000407253      0.000079157      0.000007413
      9.500000000      0.000398635      0.000078500      0.000007350
      9.600000000      0.000390090      0.000077825      0.000007287
      9.700000000      0.000381620      0.000077134      0.000007222
      9.800000000      0.000373226      0.000076427      0.000007156
      9.900000000      0.000364914      0.000075629      0.000007089
     10.000000000      0.000356689      0.000074822      0.000007021
     10.100000000      0.000348552      0.000074006      0.000006952
     10.200000000      0.000340504      0.000073182      0.000006883
     10.300000000      0.000332542      0.000072424      0.000006815
     10.400000000      0.000324663      0.000071654      0.000006746
     10.500000000      0.000316869      0.000070871      0.000006678
     10.600000000      0.000309161      0.000070076      0.000006608
     10.700000000      0.000301539      0.000069269      0.000006537
     10.800000000      0.000294010      0.000068378      0.000006465
     10.900000000      0.000286577      0.000067483      0.000006392
     11.000000000      0.000279241      0.000066584      0.000006319
     11.100000000      0.000272003      0.000065682      0.000006246
     11.200000000      0.000264859      0.000064849      0.000006173
     11.300000000      0.000257805      0.000064007      0.000006101
     11.400000000      0.000250844      0.000063157      0.000006028
     11.500000000      0.000243975      0.000062298      0.000005955
     11.600000000      0.000237200      0.000061431      0.000005881
     11.700000000      0.000230523      0.000060487      0.000005805
     11.800000000      0.000223947      0.000059543      0.000005729
     11.900000000      0.000217474      0.000058599      0.000005653
     12.000000000      0.000211103      0.000057656      0.000005577
     12.100000000      0.000204830      0.000056783      0.000005502
     12.200000000      0.000198653      0.000055905      0.000005427
     12.300000000      0.000192571      0.000055021      0.000005352
     12.400000000      0.000186585      0.000054131      0.000005276
     12.500000000      0.000180695      0.000053238      0.000005200
     12.600000000      0.000174906      0.000052272      0.000005122
     12.700000000      0.000169222      0.000051310      0.000005044
     12.800000000      0.000163641      0.000050352      0.000004966
     12.900000000      0.000158164      0.000049397      0.000004888
     13.000000000      0.000152790      0.000048446      0.000004810
     13.100000000      0.000147516      0.000047565      0.000004733
     13.200000000      0.000142337      0.000046680      0.000004657
     13.300000000      0.000137254      0.000045792      0.000004581
     13.400000000      0.000132268      0.000044901      0.000004504
     13.500000000      0.000127379      0.000044007      0.000004426
     13.600000000      0.000122591      0.000043049      0.000004348
     13.700000000      0.000117905      0.000042096      0.000004269
     13.800000000      0.000113323      0.000041151      0.000004190
     13.900000000      0.000108843      0.000040211      0.000004112
     14.000000000      0.000104461      0.000039339      0.000004034
     14.100000000      0.000100174      0.000038465      0.000003957
     14.200000000      0.000095982      0.000037589      0.000003881
     14.300000000      0.000091885      0.000036712      0.000003804
     14.400000000      0.000087884      0.000035835      0.000003726
     14.500000000      0.000083982      0.000034898      0.000003647
     14.600000000      0.000080180      0.000033971      0.000003568
     14.700000000      0.000076479      0.000033052      0.000003489
     14.800000000      0.000072877      0.000032141      0.000003411
     14.900000000      0.000069371      0.000031295      0.000003334
     15.000000000      0.000065956      0.000030449      0.000003257
     15.100000000      0.000062635      0.000029601      0.000003181
     15.200000000      0.000059405      0.000028754      0.000003104
     15.300000000      0.000056268      0.000027908      0.000003026
     15.400000000      0.000053226      0.000027010      0.000002948
     15.500000000      0.000050281      0.000026123      0.000002870
     15.600000000      0.000047432      0.000025246      0.000002792
     15.700000000      0.000044677      0.000024381      0.000002714
     15.800000000      0.000042015      0.000023576      0.000002638
     15.900000000      0.000039440      0.000022771      0.000002562
     16.000000000      0.000036953      0.000021967      0.000002487
     16.100000000      0.000034553      0.000021164      0.000002411
     16.200000000      0.000032242      0.000020364      0.000002335
     16.300000000      0.000030020      0.000019520      0.000002258
     16.400000000      0.000027890      0.000018689      0.000002181
     16.500000000      0.000025850      0.000017872      0.000002104
     16.600000000      0.000023899      0.000017068      0.000002028
     16.700000000      0.000022032      0.000016320      0.000001953
     16.800000000      0.000020248      0.000015573      0.000001879
     16.900000000      0.000018546      0.000014829      0.000001806
     17.000000000      0.000016925      0.000014088      0.000001732
     17.100000000      0.000015385      0.000013352      0.000001657
     17.200000000      0.000013929      0.000012581      0.000001582
     17.300000000      0.000012555      0.000011829      0.000001507
     17.400000000      0.000011264      0.000011094      0.000001432
     17.500000000      0.000010053      0.000010375      0.000001359
     17.600000000      0.000008920      0.000009672      0.000001286
     17.700000000      0.000007862      0.000009018      0.000001215
     17.800000000      0.000006877      0.000008367      0.000001144
     17.900000000      0.000005963      0.000007720      0.000001073
     18.000000000      0.000005120      0.000007079      0.000001002
     18.100000000      0.000004349      0.000006448      0.000000931
     18.200000000      0.000003648      0.000005800      0.000000860
     18.300000000      0.000003018      0.000005178      0.000000789
     18.400000000      0.000002455      0.000004581      0.000000719
     18.500000000      0.000001959      0.000004008      0.000000650
     18.600000000      0.000001524      0.000003478      0.000000582
     18.700000000      0.000001148      0.000002957      0.000000515
     18.800000000      0.000000830      0.000002450      0.000000449
     18.900000000      0.000000568      0.000001961      0.000000384
     19.000000000      0.000000361      0.000001483      0.000000325
     19.100000000      0.000000210      0.000000983      0.000000274
     19.200000000      0.000000107      0.000000602      0.000000223
     19.300000000      0.000000041      0.000000304      0.000000193
