       1     194        0.0
      0.000000000      2.300000000      0.188481667      0.188561808
      0.100000000      2.300000000      0.180241592      0.187064795
      0.200000000      2.300000000      0.172527453      0.185624470
      0.300000000      2.300000000      0.165405178      0.184260148
      0.400000000      2.300000000      0.158680280      0.182937591
      0.500000000      2.300000000      0.152519659      0.181697267
      0.600000000      2.300000000      0.146687842      0.180493634
      0.700000000      2.300000000      0.141338983      0.179365366
      0.800000000      2.300000000      0.136259061      0.178268433
      0.900000000      2.300000000      0.131595935      0.177240991
      1.000000000      2.300000000      0.127085719      0.176224311
      1.100000000      2.300000000      0.122949751      0.175274200
      1.200000000      2.300000000      0.119031939      0.174355362
      1.300000000      2.300000000      0.115429878      0.173495944
      1.400000000      2.300000000      0.111963228      0.172652130
      1.500000000      2.300000000      0.108780206      0.171865116
      1.600000000      2.300000000      0.105706525      0.171090591
      1.700000000      2.300000000      0.102887905      0.170370191
      1.800000000      2.300000000      0.100155579      0.169659153
      1.900000000      2.300000000      0.097652524      0.168999448
      2.000000000      2.300000000      0.095289509      0.168367707
      2.100000000      2.300000000      0.093057087      0.167762649
      2.200000000      2.300000000      0.090947140      0.167183232
      2.300000000      2.300000000      0.088952564      0.166628603
      2.400000000      2.300000000      0.087065668      0.166097588
      2.500000000      2.300000000      0.085211848      0.165567832
      2.600000000      2.300000000      0.083524426      0.165082036
      2.700000000      2.300000000      0.081859802      0.164595701
      2.800000000      2.300000000      0.080348403      0.164151562
      2.900000000      2.300000000      0.078850879      0.163705194
      3.000000000      2.300000000      0.077496155      0.163299763
      3.100000000      2.300000000      0.076147676      0.162890571
      3.200000000      2.300000000      0.074932059      0.162520884
      3.300000000      2.300000000      0.073716217      0.162146066
      3.400000000      2.300000000      0.072625171      0.161809664
      3.500000000      2.300000000      0.071527813      0.161466702
      3.600000000      2.300000000      0.070548095      0.161161134
      3.700000000      2.300000000      0.069557625      0.160847991
      3.800000000      2.300000000      0.068678592      0.160571344
      3.900000000      2.300000000      0.067784046      0.160285864
      4.000000000      2.300000000      0.066995636      0.160036116
      4.100000000      2.300000000      0.066248020      0.159798788
      4.200000000      2.300000000      0.065539034      0.159573383
      4.300000000      2.300000000      0.064867120      0.159359602
      4.400000000      2.300000000      0.064230841      0.159157170
      4.500000000      2.300000000      0.063628372      0.158965645
      4.600000000      2.300000000      0.062998873      0.158761965
      4.700000000      2.300000000      0.062461883      0.158591956
      4.800000000      2.300000000      0.061895381      0.158408998
      4.900000000      2.300000000      0.061418125      0.158259127
      5.000000000      2.300000000      0.060908964      0.158095496
      5.100000000      2.300000000      0.060486967      0.157964733
      5.200000000      2.300000000      0.060030894      0.157819447
      5.300000000      2.300000000      0.059659445      0.157706550
      5.400000000      2.300000000      0.059251998      0.157578430
      5.500000000      2.300000000      0.058927429      0.157482463
      5.600000000      2.300000000      0.058564074      0.157370192
      5.700000000      2.300000000      0.058282617      0.157290085
      5.800000000      2.300000000      0.057961050      0.157193163
      5.900000000      2.300000000      0.057719443      0.157127966
      6.000000000      2.300000000      0.057436382      0.157045424
      6.100000000      2.300000000      0.057232223      0.156994476
      6.200000000      2.300000000      0.057224874      0.157023511
      6.300000000      2.300000000      0.057470228      0.157155372
      6.400000000      2.300000000      0.057905410      0.157363865
      6.500000000      2.300000000      0.058593449      0.157673269
      6.600000000      2.300000000      0.059537710      0.158082712
      6.700000000      2.300000000      0.060483635      0.158489195
      6.800000000      2.300000000      0.061430227      0.158892409
      6.900000000      2.300000000      0.062375138      0.159291534
      7.000000000      2.300000000      0.063317120      0.159686203
      7.100000000      2.300000000      0.064185753      0.160049886
      7.200000000      2.300000000      0.065052113      0.160410039
      7.300000000      2.300000000      0.065917445      0.160767207
      7.400000000      2.300000000      0.066784323      0.161122407
      7.500000000      2.300000000      0.067730620      0.161504158
      7.600000000      2.300000000      0.068679622      0.161883981
      7.700000000      2.300000000      0.069631277      0.162261902
      7.800000000      2.300000000      0.070585829      0.162638049
      7.900000000      2.300000000      0.071543290      0.163012464
      8.000000000      2.300000000      0.072419058      0.163355578
      8.100000000      2.300000000      0.073298083      0.163697605
      8.200000000      2.300000000      0.074180455      0.164038592
      8.300000000      2.300000000      0.075066282      0.164378597
      8.400000000      2.300000000      0.075955688      0.164717675
      8.500000000      2.300000000      0.076941699      0.165087177
      8.600000000      2.300000000      0.077930917      0.165455200
      8.700000000      2.300000000      0.078923495      0.165821824
      8.800000000      2.300000000      0.079919609      0.166187134
      8.900000000      2.300000000      0.080919308      0.166551169
      9.000000000      2.300000000      0.081820093      0.166880790
      9.100000000      2.300000000      0.082726259      0.167210217
      9.200000000      2.300000000      0.083638102      0.167539543
      9.300000000      2.300000000      0.084555719      0.167868794
      9.400000000      2.300000000      0.085590281      0.168232944
      9.500000000      2.300000000      0.086630047      0.168596359
      9.600000000      2.300000000      0.087675366      0.168959159
      9.700000000      2.300000000      0.088726613      0.169321465
      9.800000000      2.300000000      0.089784188      0.169683405
      9.900000000      2.300000000      0.090725711      0.170007915
     10.000000000      2.300000000      0.091676074      0.170333299
     10.100000000      2.300000000      0.092635749      0.170659679
     10.200000000      2.300000000      0.093605023      0.170987115
     10.300000000      2.300000000      0.094717209      0.171354901
     10.400000000      2.300000000      0.095838590      0.171723061
     10.500000000      2.300000000      0.096969754      0.172091752
     10.600000000      2.300000000      0.098111015      0.172461045
     10.700000000      2.300000000      0.099263009      0.172831103
     10.800000000      2.300000000      0.100278634      0.173160098
     10.900000000      2.300000000      0.101308806      0.173491423
     11.000000000      2.300000000      0.102354220      0.173825226
     11.100000000      2.300000000      0.103415596      0.174161655
     11.200000000      2.300000000      0.104654156      0.174545296
     11.300000000      2.300000000      0.105907392      0.174930517
     11.400000000      2.300000000      0.107176170      0.175317512
     11.500000000      2.300000000      0.108461103      0.175706401
     11.600000000      2.300000000      0.109763124      0.176097385
     11.700000000      2.300000000      0.110904101      0.176442909
     11.800000000      2.300000000      0.112068421      0.176792703
     11.900000000      2.300000000      0.113256660      0.177146830
     12.000000000      2.300000000      0.114469863      0.177505476
     12.100000000      2.300000000      0.115905694      0.177919866
     12.200000000      2.300000000      0.117364735      0.178337433
     12.300000000      2.300000000      0.118848283      0.178758426
     12.400000000      2.300000000      0.120357706      0.179183104
     12.500000000      2.300000000      0.121894444      0.179611736
     12.600000000      2.300000000      0.123237346      0.179989034
     12.700000000      2.300000000      0.124615604      0.180372852
     12.800000000      2.300000000      0.126030311      0.180763320
     12.900000000      2.300000000      0.127483038      0.181160678
     13.000000000      2.300000000      0.128976483      0.181565432
     13.100000000      2.300000000      0.130764495      0.182038526
     13.200000000      2.300000000      0.132590394      0.182517083
     13.300000000      2.300000000      0.134456338      0.183001463
     13.400000000      2.300000000      0.136364625      0.183492045
     13.500000000      2.300000000      0.138317700      0.183989224
     13.600000000      2.300000000      0.140027575      0.184426474
     13.700000000      2.300000000      0.141794858      0.184873895
     13.800000000      2.300000000      0.143622189      0.185331843
     13.900000000      2.300000000      0.145512361      0.185800695
     14.000000000      2.300000000      0.147794038      0.186353492
     14.100000000      2.300000000      0.150135747      0.186914768
     14.200000000      2.300000000      0.152541224      0.187485082
     14.300000000      2.300000000      0.155016132      0.188065381
     14.400000000      2.300000000      0.157564794      0.188656281
     14.500000000      2.300000000      0.159807003      0.189176777
     14.600000000      2.300000000      0.162142309      0.189712765
     14.700000000      2.300000000      0.164575614      0.190264848
     14.800000000      2.300000000      0.167112176      0.190833662
     14.900000000      2.300000000      0.170196621      0.191509606
     15.000000000      2.300000000      0.173383771      0.192199358
     15.100000000      2.300000000      0.176680929      0.192903886
     15.200000000      2.300000000      0.180096103      0.193624239
     15.300000000      2.300000000      0.183638071      0.194361551
     15.400000000      2.300000000      0.186781042      0.195013896
     15.500000000      2.300000000      0.190086377      0.195690983
     15.600000000      2.300000000      0.193567420      0.196394525
     15.700000000      2.300000000      0.197235491      0.197125746
     15.800000000      2.300000000      0.201731007      0.198001580
     15.900000000      2.300000000      0.206418753      0.198901126
     16.000000000      2.300000000      0.211315508      0.199826358
     16.100000000      2.300000000      0.216440128      0.200779465
     16.200000000      2.300000000      0.221813815      0.201762874
     16.300000000      2.300000000      0.226654611      0.202641435
     16.400000000      2.300000000      0.231822578      0.203564511
     16.500000000      2.300000000      0.237345578      0.204534907
     16.600000000      2.300000000      0.243254795      0.205555698
     16.700000000      2.300000000      0.250580612      0.206790797
     16.800000000      2.300000000      0.258332739      0.208072542
     16.900000000      2.300000000      0.266566550      0.209406890
     17.000000000      2.300000000      0.275339216      0.210799495
     17.100000000      2.300000000      0.284714110      0.212256337
     17.200000000      2.300000000      0.293380296      0.213581852
     17.300000000      2.300000000      0.302874420      0.215003736
     17.400000000      2.300000000      0.313300134      0.216531050
     17.500000000      2.300000000      0.324779097      0.218174132
     17.600000000      2.300000000      0.337456286      0.219945018
     17.700000000      2.300000000      0.353566995      0.222127863
     17.800000000      2.300000000      0.371197650      0.224446609
     17.900000000      2.300000000      0.390632670      0.226924422
     18.000000000      2.300000000      0.412232239      0.229589779
     18.100000000      2.300000000      0.436472328      0.232479653
     18.200000000      2.300000000      0.460424131      0.235244982
     18.300000000      2.300000000      0.488596665      0.238383616
     18.400000000      2.300000000      0.522012646      0.241963259
     18.500000000      2.300000000      0.562094666      0.246074970
     18.600000000      2.300000000      0.617334634      0.251451743
     18.700000000      2.300000000      0.684193580      0.257585932
     18.800000000      2.300000000      0.767697196      0.264762637
     18.900000000      2.300000000      0.876411956      0.273440189
     19.000000000      2.300000000      1.000000000      0.284717516
     19.100000000      2.300000000      1.000000000      0.301914391
     19.200000000      2.300000000      1.000000000      0.338428433
     19.300000000      2.300000000      1.000000000      0.417678976
