       1    1623        0.0
      0.000000000      0.000000000      0.000000000
      0.005000000      0.000000000      0.000000000
      0.010000000      0.000000000      0.000000000
      0.015000000      0.000000000      0.000000000
      0.020000000      0.000000000      0.000000000
      0.025000000      0.000000000      0.000000000
      0.030000000      0.000000000      0.000000000
      0.035000000      0.000000000      0.000000000
      0.040000000      0.000000000      0.000000000
      0.045000000      0.000000000      0.000000000
      0.050000000      0.000000000      0.000000000
      0.055000000      0.000000000      0.000000000
      0.060000000      0.000000000      0.000000000
      0.065000000      0.000000000      0.000000000
      0.070000000      0.000000000      0.000000000
      0.075000000      0.000000000      0.000000000
      0.080000000      0.000000000      0.000000000
      0.085000000      0.000000000      0.000000000
      0.090000000      0.000000000      0.000000000
      0.095000000      0.000000000      0.000000000
      0.100000000      0.000000000      0.000000000
      0.105000000      0.000000000      0.000000000
      0.110000000      0.000000000      0.000000000
      0.115000000      0.000000000      0.000000000
      0.120000000      0.000000000      0.000000000
      0.125000000      0.000000000      0.000000000
      0.130000000      0.000000000      0.000000000
      0.135000000      0.000000000      0.000000000
      0.140000000      0.000000000      0.000000000
      0.145000000      0.000000000      0.000000000
      0.150000000      0.000000000      0.000000000
      0.155000000      0.000000000      0.000000000
      0.160000000      0.000000000      0.000000000
      0.165000000      0.000000000      0.000000000
      0.170000000      0.000000000      0.000000000
      0.175000000      0.000000000      0.000000000
      0.180000000      0.000000000      0.000000000
      0.185000000      0.000000000      0.000000000
      0.190000000      0.000000000      0.000000000
      0.195000000      0.000000000      0.000000000
      0.200000000      0.000000000      0.000000000
      0.205000000      0.000000000      0.000000000
      0.210000000      0.000000000      0.000000000
      0.215000000      0.000000000      0.000000000
      0.220000000      0.000000000      0.000000000
      0.225000000      0.000000000      0.000000000
      0.230000000      0.000000000      0.000000000
      0.235000000      0.000000000      0.000000000
      0.240000000      0.000000000      0.000000000
      0.245000000      0.000000000      0.000000000
      0.250000000      0.000000000      0.000000000
      0.255000000      0.000000000      0.000000000
      0.260000000      0.000000000      0.000000000
      0.265000000      0.000000000      0.000000000
      0.270000000      0.000000000      0.000000000
      0.275000000      0.000000000      0.000000000
      0.280000000      0.000000000      0.000000000
      0.285000000      0.000000000      0.000000000
      0.290000000      0.000000000      0.000000000
      0.295000000      0.000000000      0.000000000
      0.300000000      0.000000000      0.000000000
      0.305000000      0.000000000      0.000000000
      0.310000000      0.000000000      0.000000000
      0.315000000      0.000000000      0.000000000
      0.320000000      0.000000000      0.000000000
      0.325000000      0.000000000      0.000000000
      0.330000000      0.000000000      0.000000000
      0.335000000      0.000000000      0.000000000
      0.340000000      0.000000000      0.000000000
      0.345000000      0.000000000      0.000000000
      0.350000000      0.000000000      0.000000000
      0.355000000      0.000000000      0.000000000
      0.360000000      0.000000000      0.000000000
      0.365000000      0.000000000      0.000000000
      0.370000000      0.000000000      0.000000000
      0.375000000      0.000000000      0.000000000
      0.380000000      0.000000000      0.000000000
      0.385000000      0.000000000      0.000000000
      0.390000000      0.000000000      0.000000000
      0.395000000      0.000000000      0.000000000
      0.400000000      0.000000000      0.000000000
      0.405000000      0.000000000      0.000000000
      0.410000000      0.000000000      0.000000000
      0.415000000      0.000000000      0.000000000
      0.420000000      0.000000000      0.000000000
      0.425000000      0.000000000      0.000000000
      0.430000000      0.000000000      0.000000000
      0.435000000      0.000000000      0.000000000
      0.440000000      0.000000000      0.000000000
      0.445000000      0.000000000      0.000000000
      0.450000000      0.000000000      0.000000000
      0.455000000      0.000000000      0.000000000
      0.460000000      0.000000000      0.000000000
      0.465000000      0.000000000      0.000000000
      0.470000000      0.000000000      0.000000000
      0.475000000      0.000000000      0.000000000
      0.480000000      0.000000000      0.000000000
      0.485000000      0.000000000      0.000000000
      0.490000000      0.000000000      0.000000000
      0.495000000      0.000000000      0.000000000
      0.500000000      0.000000000      0.000000000
      0.505000000      0.000000000      0.000000000
      0.510000000      0.000000000      0.000000000
      0.515000000      0.000000000      0.000000000
      0.520000000      0.000000000      0.000000000
      0.525000000      0.000000000      0.000000000
      0.530000000      0.000000000      0.000000000
      0.535000000      0.000000000      0.000000000
      0.540000000      0.000000000      0.000000000
      0.545000000      0.000000000      0.000000000
      0.550000000      0.000000000      0.000000000
      0.555000000      0.000000000      0.000000000
      0.560000000      0.000000000      0.000000000
      0.565000000      0.000000000      0.000000000
      0.570000000      0.000000000      0.000000000
      0.575000000      0.000000000      0.000000000
      0.580000000      0.000000000      0.000000000
      0.585000000      0.000000000      0.000000000
      0.590000000      0.000000000      0.000000000
      0.595000000      0.000000000      0.000000000
      0.600000000      0.000000000      0.000000000
      0.605000000      0.000000000      0.000000000
      0.610000000      0.000000000      0.000000000
      0.615000000      0.000000000      0.000000000
      0.620000000      0.000000000      0.000000000
      0.625000000      0.000000000      0.000000000
      0.630000000      0.000000000      0.000000000
      0.635000000      0.000000000      0.000000000
      0.640000000      0.000000000      0.000000000
      0.645000000      0.000000000      0.000000000
      0.650000000      0.000000000      0.000000000
      0.655000000      0.000000000      0.000000000
      0.660000000      0.000000000      0.000000000
      0.665000000      0.000000000      0.000000000
      0.670000000      0.000000000      0.000000000
      0.675000000      0.000000000      0.000000000
      0.680000000      0.000000000      0.000000000
      0.685000000      0.000000000      0.000000000
      0.690000000      0.000000000      0.000000000
      0.695000000      0.000000000      0.000000000
      0.700000000      0.000000000      0.000000000
      0.705000000      0.000000000      0.000000000
      0.710000000      0.000000000      0.000000000
      0.715000000      0.000000000      0.000000000
      0.720000000      0.000000000      0.000000000
      0.725000000      0.000000000      0.000000000
      0.730000000      0.000000000      0.000000000
      0.735000000      0.000000000      0.000000000
      0.740000000      0.000000000      0.000000000
      0.745000000      0.000000000      0.000000000
      0.750000000      0.000000000      0.000000000
      0.755000000      0.000000000      0.000000000
      0.760000000      0.000000000      0.000000000
      0.765000000      0.000000000      0.000000000
      0.770000000      0.000000000      0.000000000
      0.775000000      0.000000000      0.000000000
      0.780000000      0.000000000      0.000000000
      0.785000000      0.000000000      0.000000000
      0.790000000      0.000000000      0.000000000
      0.795000000      0.000000000      0.000000000
      0.800000000      0.000000000      0.000000000
      0.805000000      0.000000000      0.000000000
      0.810000000      0.000000000      0.000000000
      0.815000000      0.000000000      0.000000000
      0.820000000      0.000000000      0.000000000
      0.825000000      0.000000000      0.000000000
      0.830000000      0.000000000      0.000000000
      0.835000000      0.000000000      0.000000000
      0.840000000      0.000000000      0.000000000
      0.845000000      0.000000000      0.000000000
      0.850000000      0.000000000      0.000000000
      0.855000000      0.000000000      0.000000000
      0.860000000      0.000000000      0.000000000
      0.865000000      0.000000000      0.000000000
      0.870000000      0.000000000      0.000000000
      0.875000000      0.000000000      0.000000000
      0.880000000      0.000000000      0.000000000
      0.885000000      0.000000000      0.000000000
      0.890000000      0.000000000      0.000000000
      0.895000000      0.000000000      0.000000000
      0.900000000      0.000000000      0.000000000
      0.905000000      0.000000000      0.000000000
      0.910000000      0.000000000      0.000000000
      0.915000000      0.000000000      0.000000000
      0.920000000      0.000000000      0.000000000
      0.925000000      0.000000000      0.000000000
      0.930000000      0.000000000      0.000000000
      0.935000000      0.000000000      0.000000000
      0.940000000      0.000000000      0.000000000
      0.945000000      0.000000000      0.000000000
      0.950000000      0.000000000      0.000000000
      0.955000000      0.000000000      0.000000000
      0.960000000      0.000000000      0.000000000
      0.965000000      0.000000000      0.000000000
      0.970000000      0.000000000      0.000000000
      0.975000000      0.000000000      0.000000000
      0.980000000      0.000000000      0.000000000
      0.985000000      0.000000000      0.000000000
      0.990000000      0.000000000      0.000000000
      0.995000000      0.000000000      0.000000000
      1.000000000      0.000000000      0.000000000
      1.005000000      0.000000000      0.000000000
      1.010000000      0.000000000      0.000000000
      1.015000000      0.000000000      0.000000000
      1.020000000      0.000000000      0.000000000
      1.025000000      0.000000000      0.000000000
      1.030000000      0.000000000      0.000000000
      1.035000000      0.000000000      0.000000000
      1.040000000      0.000000000      0.000000000
      1.045000000      0.000000000      0.000000000
      1.050000000      0.000000000      0.000000000
      1.055000000      0.000000000      0.000000000
      1.060000000      0.000000000      0.000000000
      1.065000000      0.000000000      0.000000000
      1.070000000      0.000000000      0.000000000
      1.075000000      0.000000000      0.000000000
      1.080000000      0.000000000      0.000000000
      1.085000000      0.000000000      0.000000000
      1.090000000      0.000000000      0.000000000
      1.095000000      0.000000000      0.000000000
      1.100000000      0.000000000      0.000000000
      1.105000000      0.000000000      0.000000000
      1.110000000      0.000000000      0.000000000
      1.115000000      0.000000000      0.000000000
      1.120000000      0.000000000      0.000000000
      1.125000000      0.000000000      0.000000000
      1.130000000      0.000000000      0.000000000
      1.135000000      0.000000000      0.000000000
      1.140000000      0.000000000      0.000000000
      1.145000000      0.000000000      0.000000000
      1.150000000      0.000000000      0.000000000
      1.155000000      0.000000000      0.000000000
      1.160000000      0.000000000      0.000000000
      1.165000000      0.000000000      0.000000000
      1.170000000      0.000000000      0.000000000
      1.175000000      0.000000000      0.000000000
      1.180000000      0.000000000      0.000000000
      1.185000000      0.000000000      0.000000000
      1.190000000      0.000000000      0.000000000
      1.195000000      0.000000000      0.000000000
      1.200000000      0.000000000      0.000000000
      1.205000000      0.000000000      0.000000000
      1.210000000      0.000000000      0.000000000
      1.215000000      0.000000000      0.000000000
      1.220000000      0.000000000      0.000000000
      1.225000000      0.000000000      0.000000000
      1.230000000      0.000000000      0.000000000
      1.235000000      0.000000000      0.000000000
      1.240000000      0.000000000      0.000000000
      1.245000000      0.000000000      0.000000000
      1.250000000      0.000000000      0.000000000
      1.255000000      0.000000000      0.000000000
      1.260000000      0.000000000      0.000000000
      1.265000000      0.000000000      0.000000000
      1.270000000      0.000000000      0.000000000
      1.275000000      0.000000000      0.000000000
      1.280000000      0.000000000      0.000000000
      1.285000000      0.000000000      0.000000000
      1.290000000      0.000000000      0.000000000
      1.295000000      0.000000000      0.000000000
      1.300000000      0.000000000      0.000000000
      1.305000000      0.000000000      0.000000000
      1.310000000      0.000000000      0.000000000
      1.315000000      0.000000000      0.000000000
      1.320000000      0.000000000      0.000000000
      1.325000000      0.000000000      0.000000000
      1.330000000      0.000000000      0.000000000
      1.335000000      0.000000000      0.000000000
      1.340000000      0.000000000      0.000000000
      1.345000000      0.000000000      0.000000000
      1.350000000      0.000000000      0.000000000
      1.355000000      0.000000000      0.000000000
      1.360000000      0.000000000      0.000000000
      1.365000000      0.000000000      0.000000000
      1.370000000      0.000000000      0.000000000
      1.375000000      0.000000000      0.000000000
      1.380000000      0.000000000      0.000000000
      1.385000000      0.000000000      0.000000000
      1.390000000      0.000000000      0.000000000
      1.395000000      0.000000000      0.000000000
      1.400000000      0.000000000      0.000000000
      1.405000000      0.000000000      0.000000000
      1.410000000      0.000000000      0.000000000
      1.415000000      0.000000000      0.000000000
      1.420000000      0.000000000      0.000000000
      1.425000000      0.000000000      0.000000000
      1.430000000      0.000000000      0.000000000
      1.435000000      0.000000000      0.000000000
      1.440000000      0.000000000      0.000000000
      1.445000000      0.000000000      0.000000000
      1.450000000      0.000000000      0.000000000
      1.455000000      0.000000000      0.000000000
      1.460000000      0.000000000      0.000000000
      1.465000000      0.000000000      0.000000000
      1.470000000      0.000000000      0.000000000
      1.475000000      0.000000000      0.000000000
      1.480000000      0.000000000      0.000000000
      1.485000000      0.000000000      0.000000000
      1.490000000      0.000000000      0.000000000
      1.495000000      0.000000000      0.000000000
      1.500000000      0.000000000      0.000000000
      1.505000000      0.000000000      0.000000000
      1.510000000      0.000000000      0.000000000
      1.515000000      0.000000000      0.000000000
      1.520000000      0.000000000      0.000000000
      1.525000000      0.000000000      0.000000000
      1.530000000      0.000000000      0.000000000
      1.535000000      0.000000000      0.000000000
      1.540000000      0.000000000      0.000000000
      1.545000000      0.000000000      0.000000000
      1.550000000      0.000000000      0.000000000
      1.555000000      0.000000000      0.000000000
      1.560000000      0.000000000      0.000000000
      1.565000000      0.000000000      0.000000000
      1.570000000      0.000000000      0.000000000
      1.575000000      0.000000000      0.000000000
      1.580000000      0.000000000      0.000000000
      1.585000000      0.000000000      0.000000000
      1.590000000      0.000000000      0.000000000
      1.595000000      0.000000000      0.000000000
      1.600000000      0.000000000      0.000000000
      1.605000000      0.000000000      0.000000000
      1.610000000      0.000000000      0.000000000
      1.615000000      0.000000000      0.000000000
      1.620000000      0.000000000      0.000000000
      1.625000000      0.000000000      0.000000000
      1.630000000      0.000000000      0.000000000
      1.635000000      0.000000000      0.000000000
      1.640000000      0.000000000      0.000000000
      1.645000000      0.000000000      0.000000000
      1.650000000      0.000000000      0.000000000
      1.655000000      0.000000000      0.000000000
      1.660000000      0.000000000      0.000000000
      1.665000000      0.000000000      0.000000000
      1.670000000      0.000000000      0.000000000
      1.675000000      0.000000000      0.000000000
      1.680000000      0.000000000      0.000000000
      1.685000000      0.000000000      0.000000000
      1.690000000      0.000000000      0.000000000
      1.695000000      0.000000000      0.000000000
      1.700000000      0.000000000      0.000000000
      1.705000000      0.000000000      0.000000000
      1.710000000      0.000000000      0.000000000
      1.715000000      0.000000000      0.000000000
      1.720000000      0.000000000      0.000000000
      1.725000000      0.000000000      0.000000000
      1.730000000      0.000000000      0.000000000
      1.735000000      0.000000000      0.000000000
      1.740000000      0.000000000      0.000000000
      1.745000000      0.000000000      0.000000000
      1.750000000      0.000000000      0.000000000
      1.755000000      0.000000000      0.000000000
      1.760000000      0.000000000      0.000000000
      1.765000000      0.000000000      0.000000000
      1.770000000      0.000000000      0.000000000
      1.775000000      0.000000000      0.000000000
      1.780000000      0.000000000      0.000000000
      1.785000000      0.000000000      0.000000000
      1.790000000      0.000000000      0.000000000
      1.795000000      0.000000000      0.000000000
      1.800000000      0.000000000      0.000000000
      1.805000000      0.000000000      0.000000000
      1.810000000      0.000000000      0.000000000
      1.815000000      0.000000000      0.000000000
      1.820000000      0.000000000      0.000000000
      1.825000000      0.000000000      0.000000000
      1.830000000      0.000000000      0.000000000
      1.835000000      0.000000000      0.000000000
      1.840000000      0.000000000      0.000000000
      1.845000000      0.000000000      0.000000000
      1.850000000      0.000000000      0.000000000
      1.855000000      0.000000000      0.000000000
      1.860000000      0.000000000      0.000000000
      1.865000000      0.000000000      0.000000000
      1.870000000      0.000000000      0.000000000
      1.875000000      0.000000000      0.000000000
      1.880000000      0.000000000      0.000000000
      1.885000000      0.000000000      0.000000000
      1.890000000      0.000000000      0.000000000
      1.895000000      0.000000000      0.000000000
      1.900000000      0.000000000      0.000000000
      1.905000000      0.000000000      0.000000000
      1.910000000      0.000000000      0.000000000
      1.915000000      0.000000000      0.000000000
      1.920000000      0.000000000      0.000000000
      1.925000000      0.000000000      0.000000000
      1.930000000      0.000000000      0.000000000
      1.935000000      0.000000000      0.000000000
      1.940000000      0.000000000      0.000000000
      1.945000000      0.000000000      0.000000000
      1.950000000      0.000000000      0.000000000
      1.955000000      0.000000000      0.000000000
      1.960000000      0.000000000      0.000000000
      1.965000000      0.000000000      0.000000000
      1.970000000      0.000000000      0.000000000
      1.975000000      0.000000000      0.000000000
      1.980000000      0.000000000      0.000000000
      1.985000000      0.000000000      0.000000000
      1.990000000      0.000000000      0.000000000
      1.995000000      0.000000000      0.000000000
      2.000000000      0.000000000      0.000000000
      2.005000000      0.000000000      0.000000000
      2.010000000      0.000000000      0.000000000
      2.015000000      0.000000000      0.000000000
      2.020000000      0.000000000      0.000000000
      2.025000000      0.000000000      0.000000000
      2.030000000      0.000000000      0.000000000
      2.035000000      0.000000000      0.000000000
      2.040000000      0.000000000      0.000000000
      2.045000000      0.000000000      0.000000000
      2.050000000      0.000000000      0.000000000
      2.055000000      0.000000000      0.000000000
      2.060000000      0.000000000      0.000000000
      2.065000000      0.000000000      0.000000000
      2.070000000      0.000000000      0.000000000
      2.075000000      0.000000000      0.000000000
      2.080000000      0.000000000      0.000000000
      2.085000000      0.000000000      0.000000000
      2.090000000      0.000000000      0.000000000
      2.095000000      0.000000000      0.000000000
      2.100000000      0.000000000      0.000000000
      2.105000000      0.000000000      0.000000000
      2.110000000      0.000000000      0.000000000
      2.115000000      0.000000000      0.000000000
      2.120000000      0.000000000      0.000000000
      2.125000000      0.000000000      0.000000000
      2.130000000      0.000000000      0.000000000
      2.135000000      0.000000000      0.000000000
      2.140000000      0.000000000      0.000000000
      2.145000000      0.000000000      0.000000000
      2.150000000      0.000000000      0.000000000
      2.155000000      0.000000000      0.000000000
      2.160000000      0.000000000      0.000000000
      2.165000000      0.000000000      0.000000000
      2.170000000      0.000000000      0.000000000
      2.175000000      0.000000000      0.000000000
      2.180000000      0.000000000      0.000000000
      2.185000000      0.000000000      0.000000000
      2.190000000      0.000000000      0.000000000
      2.195000000      0.000000000      0.000000000
      2.200000000      0.000000000      0.000000000
      2.205000000      0.000000000      0.000000000
      2.210000000      0.000000000      0.000000000
      2.215000000      0.000000000      0.000000000
      2.220000000      0.000000000      0.000000000
      2.225000000      0.000000000      0.000000000
      2.230000000      0.000000000      0.000000000
      2.235000000      0.000000000      0.000000000
      2.240000000      0.000000000      0.000000000
      2.245000000      0.000000000      0.000000000
      2.250000000      0.000000000      0.000000000
      2.255000000      0.000000000      0.000000000
      2.260000000      0.000000000      0.000000000
      2.265000000      0.000000000      0.000000000
      2.270000000      0.000000000      0.000000000
      2.275000000      0.000000000      0.000000000
      2.280000000      0.000000000      0.000000000
      2.285000000      0.000000000      0.000000000
      2.290000000      0.000000000      0.000000000
      2.295000000      0.000000000      0.000000000
      2.300000000      0.000000000      0.000000000
      2.305000000      0.000000000      0.000000000
      2.310000000      0.000000000      0.000000000
      2.315000000      0.000000000      0.000000000
      2.320000000      0.000000000      0.000000000
      2.325000000      0.000000000      0.000000000
      2.330000000      0.000000000      0.000000000
      2.335000000      0.000000000      0.000000000
      2.340000000      0.000000000      0.000000000
      2.345000000      0.000000000      0.000000000
      2.350000000      0.000000000      0.000000000
      2.355000000      0.000000000      0.000000000
      2.360000000      0.000000000      0.000000000
      2.365000000      0.000000000      0.000000000
      2.370000000      0.000000000      0.000000000
      2.375000000      0.000000000      0.000000000
      2.380000000      0.000000000      0.000000000
      2.385000000      0.000000000      0.000000000
      2.390000000      0.000000000      0.000000000
      2.395000000      0.000000000      0.000000000
      2.400000000      0.000000000      0.000000000
      2.405000000      0.000000000      0.000000000
      2.410000000      0.000000000      0.000000000
      2.415000000      0.000000000      0.000000000
      2.420000000      0.000000000      0.000000000
      2.425000000      0.000000000      0.000000000
      2.430000000      0.000000000      0.000000000
      2.435000000      0.000000000      0.000000000
      2.440000000      0.000000000      0.000000000
      2.445000000      0.000000000      0.000000000
      2.450000000      0.000000000      0.000000000
      2.455000000      0.000000000      0.000000000
      2.460000000      0.000000000      0.000000000
      2.465000000      0.000000000      0.000000000
      2.470000000      0.000000000      0.000000000
      2.475000000      0.000000000      0.000000000
      2.480000000      0.000000000      0.000000000
      2.485000000      0.000000000      0.000000000
      2.490000000      0.000000000      0.000000000
      2.495000000      0.000000000      0.000000000
      2.500000000      0.000000000      0.000000000
      2.505000000      0.000000000      0.000000000
      2.510000000      0.000000000      0.000000000
      2.515000000      0.000000000      0.000000000
      2.520000000      0.000000000      0.000000000
      2.525000000      0.000000000      0.000000000
      2.530000000      0.000000000      0.000000000
      2.535000000      0.000000000      0.000000000
      2.540000000      0.000000000      0.000000000
      2.545000000      0.000000000      0.000000000
      2.550000000      0.000000000      0.000000000
      2.555000000      0.000000000      0.000000000
      2.560000000      0.000000000      0.000000000
      2.565000000      0.000000000      0.000000000
      2.570000000      0.000000000      0.000000000
      2.575000000      0.000000000      0.000000000
      2.580000000      0.000000000      0.000000000
      2.585000000      0.000000000      0.000000000
      2.590000000      0.000000000      0.000000000
      2.595000000      0.000000000      0.000000000
      2.600000000      0.000000000      0.000000000
      2.605000000      0.000000000      0.000000000
      2.610000000      0.000000000      0.000000000
      2.615000000      0.000000000      0.000000000
      2.620000000      0.000000000      0.000000000
      2.625000000      0.000000000      0.000000000
      2.630000000      0.000000000      0.000000000
      2.635000000      0.000000000      0.000000000
      2.640000000      0.000000000      0.000000000
      2.645000000      0.000000000      0.000000000
      2.650000000      0.000000000      0.000000000
      2.655000000      0.000000000      0.000000000
      2.660000000      0.000000000      0.000000000
      2.665000000      0.000000000      0.000000000
      2.670000000      0.000000000      0.000000000
      2.675000000      0.000000000      0.000000000
      2.680000000      0.000000000      0.000000000
      2.685000000      0.000000000      0.000000000
      2.690000000      0.000000000      0.000000000
      2.695000000      0.000000000      0.000000000
      2.700000000      0.000000000      0.000000000
      2.705000000      0.000000000      0.000000000
      2.710000000      0.000000000      0.000000000
      2.715000000      0.000000000      0.000000000
      2.720000000      0.000000000      0.000000000
      2.725000000      0.000000000      0.000000000
      2.730000000      0.000000000      0.000000000
      2.735000000      0.000000000      0.000000000
      2.740000000      0.000000000      0.000000000
      2.745000000      0.000000000      0.000000000
      2.750000000      0.000000000      0.000000000
      2.755000000      0.000000000      0.000000000
      2.760000000      0.000000000      0.000000000
      2.765000000      0.000000000      0.000000000
      2.770000000      0.000000000      0.000000000
      2.775000000      0.000000000      0.000000000
      2.780000000      0.000000000      0.000000000
      2.785000000      0.000000000      0.000000000
      2.790000000      0.000000000      0.000000000
      2.795000000      0.000000000      0.000000000
      2.800000000      0.000000000      0.000000000
      2.805000000      0.000000000      0.000000000
      2.810000000      0.000000000      0.000000000
      2.815000000      0.000000000      0.000000000
      2.820000000      0.000000000      0.000000000
      2.825000000      0.000000000      0.000000000
      2.830000000      0.000000000      0.000000000
      2.835000000      0.000000000      0.000000000
      2.840000000      0.000000000      0.000000000
      2.845000000      0.000000000      0.000000000
      2.850000000      0.000000000      0.000000000
      2.855000000      0.000000000      0.000000000
      2.860000000      0.000000000      0.000000000
      2.865000000      0.000000000      0.000000000
      2.870000000      0.000000000      0.000000000
      2.875000000      0.000000000      0.000000000
      2.880000000      0.000000000      0.000000000
      2.885000000      0.000000000      0.000000000
      2.890000000      0.000000000      0.000000000
      2.895000000      0.000000000      0.000000000
      2.900000000      0.000000000      0.000000000
      2.905000000      0.000000000      0.000000000
      2.910000000      0.000000000      0.000000000
      2.915000000      0.000000000      0.000000000
      2.920000000      0.000000000      0.000000000
      2.925000000      0.000000000      0.000000000
      2.930000000      0.000000000      0.000000000
      2.935000000      0.000000000      0.000000000
      2.940000000      0.000000000      0.000000000
      2.945000000      0.000000000      0.000000000
      2.950000000      0.000000000      0.000000000
      2.955000000      0.000000000      0.000000000
      2.960000000      0.000000000      0.000000000
      2.965000000      0.000000000      0.000000000
      2.970000000      0.000000000      0.000000000
      2.975000000      0.000000000      0.000000000
      2.980000000      0.000000000      0.000000000
      2.985000000      0.000000000      0.000000000
      2.990000000      0.000000000      0.000000000
      2.995000000      0.000000000      0.000000000
      3.000000000      0.000000000      0.000000000
      3.005000000      0.000000000      0.000000000
      3.010000000      0.000000000      0.000000000
      3.015000000      0.000000000      0.000000000
      3.020000000      0.000000000      0.000000000
      3.025000000      0.000000000      0.000000000
      3.030000000      0.000000000      0.000000000
      3.035000000      0.000000000      0.000000000
      3.040000000      0.000000000      0.000000000
      3.045000000      0.000000000      0.000000000
      3.050000000      0.000000000      0.000000000
      3.055000000      0.000000000      0.000000000
      3.060000000      0.000000000      0.000000000
      3.065000000      0.000000000      0.000000000
      3.070000000      0.000000000      0.000000000
      3.075000000      0.000000000      0.000000000
      3.080000000      0.000000000      0.000000000
      3.085000000      0.000000000      0.000000000
      3.090000000      0.000000000      0.000000000
      3.095000000      0.000000000      0.000000000
      3.100000000      0.000000000      0.000000000
      3.105000000      0.000000000      0.000000000
      3.110000000      0.000000000      0.000000000
      3.115000000      0.000000000      0.000000000
      3.120000000      0.000000000      0.000000000
      3.125000000      0.000000000      0.000000000
      3.130000000      0.000000000      0.000000000
      3.135000000      0.000000000      0.000000000
      3.140000000      0.000000000      0.000000000
      3.145000000      0.000000000      0.000000000
      3.150000000      0.000000000      0.000000000
      3.155000000      0.000000000      0.000000000
      3.160000000      0.000000000      0.000000000
      3.165000000      0.000000000      0.000000000
      3.170000000      0.000000000      0.000000000
      3.175000000      0.000000000      0.000000000
      3.180000000      0.000000000      0.000000000
      3.185000000      0.000000000      0.000000000
      3.190000000      0.000000000      0.000000000
      3.195000000      0.000000000      0.000000000
      3.200000000      0.000000000      0.000000000
      3.205000000      0.000000000      0.000000000
      3.210000000      0.000000000      0.000000000
      3.215000000      0.000000000      0.000000000
      3.220000000      0.000000000      0.000000000
      3.225000000      0.000000000      0.000000000
      3.230000000      0.000000000      0.000000000
      3.235000000      0.000000000      0.000000000
      3.240000000      0.000000000      0.000000000
      3.245000000      0.000000000      0.000000000
      3.250000000      0.000000000      0.000000000
      3.255000000      0.000000000      0.000000000
      3.260000000      0.000000000      0.000000000
      3.265000000      0.000000000      0.000000000
      3.270000000      0.000000000      0.000000000
      3.275000000      0.000000000      0.000000000
      3.280000000      0.000000000      0.000000000
      3.285000000      0.000000000      0.000000000
      3.290000000      0.000000000      0.000000000
      3.295000000      0.000000000      0.000000000
      3.300000000      0.000000000      0.000000000
      3.305000000      0.000000000      0.000000000
      3.310000000      0.000000000      0.000000000
      3.315000000      0.000000000      0.000000000
      3.320000000      0.000000000      0.000000000
      3.325000000      0.000000000      0.000000000
      3.330000000      0.000000000      0.000000000
      3.335000000      0.000000000      0.000000000
      3.340000000      0.000000000      0.000000000
      3.345000000      0.000000000      0.000000000
      3.350000000      0.000000000      0.000000000
      3.355000000      0.000000000      0.000000000
      3.360000000      0.000000000      0.000000000
      3.365000000      0.000000000      0.000000000
      3.370000000      0.000000000      0.000000000
      3.375000000      0.000000000      0.000000000
      3.380000000      0.000000000      0.000000000
      3.385000000      0.000000000      0.000000000
      3.390000000      0.000000000      0.000000000
      3.395000000      0.000000000      0.000000000
      3.400000000      0.000000000      0.000000000
      3.405000000      0.000000000      0.000000000
      3.410000000      0.000000000      0.000000000
      3.415000000      0.000000000      0.000000000
      3.420000000      0.000000000      0.000000000
      3.425000000      0.000000000      0.000000000
      3.430000000      0.000000000      0.000000000
      3.435000000      0.000000000      0.000000000
      3.440000000      0.000000000      0.000000000
      3.445000000      0.000000000      0.000000000
      3.450000000      0.000000000      0.000000000
      3.455000000      0.000000000      0.000000000
      3.460000000      0.000000000      0.000000000
      3.465000000      0.000000000      0.000000000
      3.470000000      0.000000000      0.000000000
      3.475000000      0.000000000      0.000000000
      3.480000000      0.000000000      0.000000000
      3.485000000      0.000000000      0.000000000
      3.490000000      0.000000000      0.000000000
      3.495000000      0.000000000      0.000000000
      3.500000000      0.000000000      0.000000000
      3.505000000      0.000000000      0.000000000
      3.510000000      0.000000000      0.000000000
      3.515000000      0.000000000      0.000000000
      3.520000000      0.000000000      0.000000000
      3.525000000      0.000000000      0.000000000
      3.530000000      0.000000000      0.000000000
      3.535000000      0.000000000      0.000000000
      3.540000000      0.000000000      0.000000000
      3.545000000      0.000000000      0.000000000
      3.550000000      0.000000000      0.000000000
      3.555000000      0.000000000      0.000000000
      3.560000000      0.000000000      0.000000000
      3.565000000      0.000000000      0.000000000
      3.570000000      0.000000000      0.000000000
      3.575000000      0.000000000      0.000000000
      3.580000000      0.000000000      0.000000000
      3.585000000      0.000000000      0.000000000
      3.590000000      0.000000000      0.000000000
      3.595000000      0.000000000      0.000000000
      3.600000000      0.000000000      0.000000000
      3.605000000      0.000000000      0.000000000
      3.610000000      0.000000000      0.000000000
      3.615000000      0.000000000      0.000000000
      3.620000000      0.000000000      0.000000000
      3.625000000      0.000000000      0.000000000
      3.630000000      0.000000000      0.000000000
      3.635000000      0.000000000      0.000000000
      3.640000000      0.000000000      0.000000000
      3.645000000      0.000000000      0.000000000
      3.650000000      0.000000000      0.000000000
      3.655000000      0.000000000      0.000000000
      3.660000000      0.000000000      0.000000000
      3.665000000      0.000000000      0.000000000
      3.670000000      0.000000000      0.000000000
      3.675000000      0.000000000      0.000000000
      3.680000000      0.000000000      0.000000000
      3.685000000      0.000000000      0.000000000
      3.690000000      0.000000000      0.000000000
      3.695000000      0.000000000      0.000000000
      3.700000000      0.000000000      0.000000000
      3.705000000      0.000000000      0.000000000
      3.710000000      0.000000000      0.000000000
      3.715000000      0.000000000      0.000000000
      3.720000000      0.000000000      0.000000000
      3.725000000      0.000000000      0.000000000
      3.730000000      0.000000000      0.000000000
      3.735000000      0.000000000      0.000000000
      3.740000000      0.000000000      0.000000000
      3.745000000      0.000000000      0.000000000
      3.750000000      0.000000000      0.000000000
      3.755000000      0.000000000      0.000000000
      3.760000000      0.000000000      0.000000000
      3.765000000      0.000000000      0.000000000
      3.770000000      0.000000000      0.000000000
      3.775000000      0.000000000      0.000000000
      3.780000000      0.000000000      0.000000000
      3.785000000      0.000000000      0.000000000
      3.790000000      0.000000000      0.000000000
      3.795000000      0.000000000      0.000000000
      3.800000000      0.000000000      0.000000000
      3.805000000      0.000000000      0.000000000
      3.810000000      0.000000000      0.000000000
      3.815000000      0.000000000      0.000000000
      3.820000000      0.000000000      0.000000000
      3.825000000      0.000000000      0.000000000
      3.830000000      0.000000000      0.000000000
      3.835000000      0.000000000      0.000000000
      3.840000000      0.000000000      0.000000000
      3.845000000      0.000000000      0.000000000
      3.850000000      0.000000000      0.000000000
      3.855000000      0.000000000      0.000000000
      3.860000000      0.000000000      0.000000000
      3.865000000      0.000000000      0.000000000
      3.870000000      0.000000000      0.000000000
      3.875000000      0.000000000      0.000000000
      3.880000000      0.000000000      0.000000000
      3.885000000      0.000000000      0.000000000
      3.890000000      0.000000000      0.000000000
      3.895000000      0.000000000      0.000000000
      3.900000000      0.000000000      0.000000000
      3.905000000      0.000000000      0.000000000
      3.910000000      0.000000000      0.000000000
      3.915000000      0.000000000      0.000000000
      3.920000000      0.000000000      0.000000000
      3.925000000      0.000000000      0.000000000
      3.930000000      0.000000000      0.000000000
      3.935000000      0.000000000      0.000000000
      3.940000000      0.000000000      0.000000000
      3.945000000      0.000000000      0.000000000
      3.950000000      0.000000000      0.000000000
      3.955000000      0.000000000      0.000000000
      3.960000000      0.000000000      0.000000000
      3.965000000      0.000000000      0.000000000
      3.970000000      0.000000000      0.000000000
      3.975000000      0.000000000      0.000000000
      3.980000000      0.000000000      0.000000000
      3.985000000      0.000000000      0.000000000
      3.990000000      0.000000000      0.000000000
      3.995000000      0.000000000      0.000000000
      4.000000000      0.000000000      0.000000000
      4.005000000      0.000000000      0.000000000
      4.010000000      0.000000000      0.000000000
      4.015000000      0.000000000      0.000000000
      4.020000000      0.000000000      0.000000000
      4.025000000      0.000000000      0.000000000
      4.030000000      0.000000000      0.000000000
      4.035000000      0.000000000      0.000000000
      4.040000000      0.000000000      0.000000000
      4.045000000      0.000000000      0.000000000
      4.050000000      0.000000000      0.000000000
      4.055000000      0.000000000      0.000000000
      4.060000000      0.000000000      0.000000000
      4.065000000      0.000000000      0.000000000
      4.070000000      0.000000000      0.000000000
      4.075000000      0.000000000      0.000000000
      4.080000000      0.000000000      0.000000000
      4.085000000      0.000000000      0.000000000
      4.090000000      0.000000000      0.000000000
      4.095000000      0.000000000      0.000000000
      4.100000000      0.000000000      0.000000000
      4.105000000      0.000000000      0.000000000
      4.110000000      0.000000000      0.000000000
      4.115000000      0.000000000      0.000000000
      4.120000000      0.000000000      0.000000000
      4.125000000      0.000000000      0.000000000
      4.130000000      0.000000000      0.000000000
      4.135000000      0.000000000      0.000000000
      4.140000000      0.000000000      0.000000000
      4.145000000      0.000000000      0.000000000
      4.150000000      0.000000000      0.000000000
      4.155000000      0.000000000      0.000000000
      4.160000000      0.000000000      0.000000000
      4.165000000      0.000000000      0.000000000
      4.170000000      0.000000000      0.000000000
      4.175000000      0.000000000      0.000000000
      4.180000000      0.000000000      0.000000000
      4.185000000      0.000000000      0.000000000
      4.190000000      0.000000000      0.000000000
      4.195000000      0.000000000      0.000000000
      4.200000000      0.000000000      0.000000000
      4.205000000      0.000000000      0.000000000
      4.210000000      0.000000000      0.000000000
      4.215000000      0.000000000      0.000000000
      4.220000000      0.000000000      0.000000000
      4.225000000      0.000000000      0.000000000
      4.230000000      0.000000000      0.000000000
      4.235000000      0.000000000      0.000000000
      4.240000000      0.000000000      0.000000000
      4.245000000      0.000000000      0.000000000
      4.250000000      0.000000000      0.000000000
      4.255000000      0.000000000      0.000000000
      4.260000000      0.000000000      0.000000000
      4.265000000      0.000000000      0.000000000
      4.270000000      0.000000000      0.000000000
      4.275000000      0.000000000      0.000000000
      4.280000000      0.000000000      0.000000000
      4.285000000      0.000000000      0.000000000
      4.290000000      0.000000000      0.000000000
      4.295000000      0.000000000      0.000000000
      4.300000000      0.000000000      0.000000000
      4.305000000      0.000000000      0.000000000
      4.310000000      0.000000000      0.000000000
      4.315000000      0.000000000      0.000000000
      4.320000000      0.000000000      0.000000000
      4.325000000      0.000000000      0.000000000
      4.330000000      0.000000000      0.000000000
      4.335000000      0.000000000      0.000000000
      4.340000000      0.000000000      0.000000000
      4.345000000      0.000000000      0.000000000
      4.350000000      0.000000000      0.000000000
      4.355000000      0.000000000      0.000000000
      4.360000000      0.000000000      0.000000000
      4.365000000      0.000000000      0.000000000
      4.370000000      0.000000000      0.000000000
      4.375000000      0.000000000      0.000000000
      4.380000000      0.000000000      0.000000000
      4.385000000      0.000000000      0.000000000
      4.390000000      0.000000000      0.000000000
      4.395000000      0.000000000      0.000000000
      4.400000000      0.000000000      0.000000000
      4.405000000      0.000000000      0.000000000
      4.410000000      0.000000000      0.000000000
      4.415000000      0.000000000      0.000000000
      4.420000000      0.000000000      0.000000000
      4.425000000      0.000000000      0.000000000
      4.430000000      0.000000000      0.000000000
      4.435000000      0.000000000      0.000000000
      4.440000000      0.000000000      0.000000000
      4.445000000      0.000000000      0.000000000
      4.450000000      0.000000000      0.000000000
      4.455000000      0.000000000      0.000000000
      4.460000000      0.000000000      0.000000000
      4.465000000      0.000000000      0.000000000
      4.470000000      0.000000000      0.000000000
      4.475000000      0.000000000      0.000000000
      4.480000000      0.000000000      0.000000000
      4.485000000      0.000000000      0.000000000
      4.490000000      0.000000000      0.000000000
      4.495000000      0.000000000      0.000000000
      4.500000000      0.000000000      0.000000000
      4.505000000      0.000000000      0.000000000
      4.510000000      0.000000000      0.000000000
      4.515000000      0.000000000      0.000000000
      4.520000000      0.000000000      0.000000000
      4.525000000      0.000000000      0.000000000
      4.530000000      0.000000000      0.000000000
      4.535000000      0.000000000      0.000000000
      4.540000000      0.000000000      0.000000000
      4.545000000      0.000000000      0.000000000
      4.550000000      0.000000000      0.000000000
      4.555000000      0.000000000      0.000000000
      4.560000000      0.000000000      0.000000000
      4.565000000      0.000000000      0.000000000
      4.570000000      0.000000000      0.000000000
      4.575000000      0.000000000      0.000000000
      4.580000000      0.000000000      0.000000000
      4.585000000      0.000000000      0.000000000
      4.590000000      0.000000000      0.000000000
      4.595000000      0.000000000      0.000000000
      4.600000000      0.000000000      0.000000000
      4.605000000      0.000000000      0.000000000
      4.610000000      0.000000000      0.000000000
      4.615000000      0.000000000      0.000000000
      4.620000000      0.000000000      0.000000000
      4.625000000      0.000000000      0.000000000
      4.630000000      0.000000000      0.000000000
      4.635000000      0.000000000      0.000000000
      4.640000000      0.000000000      0.000000000
      4.645000000      0.000000000      0.000000000
      4.650000000      0.000000000      0.000000000
      4.655000000      0.000000000      0.000000000
      4.660000000      0.000000000      0.000000000
      4.665000000      0.000000000      0.000000000
      4.670000000      0.000000000      0.000000000
      4.675000000      0.000000000      0.000000000
      4.680000000      0.000000000      0.000000000
      4.685000000      0.000000000      0.000000000
      4.690000000      0.000000000      0.000000000
      4.695000000      0.000000000      0.000000000
      4.700000000      0.000000000      0.000000000
      4.705000000      0.000000000      0.000000000
      4.710000000      0.000000000      0.000000000
      4.715000000      0.000000000      0.000000000
      4.720000000      0.000000000      0.000000000
      4.725000000      0.000000000      0.000000000
      4.730000000      0.000000000      0.000000000
      4.735000000      0.000000000      0.000000000
      4.740000000      0.000000000      0.000000000
      4.745000000      0.000000000      0.000000000
      4.750000000      0.000000000      0.000000000
      4.755000000      0.000000000      0.000000000
      4.760000000      0.000000000      0.000000000
      4.765000000      0.000000000      0.000000000
      4.770000000      0.000000000      0.000000000
      4.775000000      0.000000000      0.000000000
      4.780000000      0.000000000      0.000000000
      4.785000000      0.000000000      0.000000000
      4.790000000      0.000000000      0.000000000
      4.795000000      0.000000000      0.000000000
      4.800000000      0.000000000      0.000000000
      4.805000000      0.000000000      0.000000000
      4.810000000      0.000000000      0.000000000
      4.815000000      0.000000000      0.000000000
      4.820000000      0.000000000      0.000000000
      4.825000000      0.000000000      0.000000000
      4.830000000      0.000000000      0.000000000
      4.835000000      0.000000000      0.000000000
      4.840000000      0.000000000      0.000000000
      4.845000000      0.000000000      0.000000000
      4.850000000      0.000000000      0.000000000
      4.855000000      0.000000000      0.000000000
      4.860000000      0.000000000      0.000000000
      4.865000000      0.000000000      0.000000000
      4.870000000      0.000000000      0.000000000
      4.875000000      0.000000000      0.000000000
      4.880000000      0.000000000      0.000000000
      4.885000000      0.000000000      0.000000000
      4.890000000      0.000000000      0.000000000
      4.895000000      0.000000000      0.000000000
      4.900000000      0.000000000      0.000000000
      4.905000000      0.000000000      0.000000000
      4.910000000      0.000000000      0.000000000
      4.915000000      0.000000000      0.000000000
      4.920000000      0.000000000      0.000000000
      4.925000000      0.000000000      0.000000000
      4.930000000      0.000000000      0.000000000
      4.935000000      0.000000000      0.000000000
      4.940000000      0.000000000      0.000000000
      4.945000000      0.000000000      0.000000000
      4.950000000      0.000000000      0.000000000
      4.955000000      0.000000000      0.000000000
      4.960000000      0.000000000      0.000000000
      4.965000000      0.000000000      0.000000000
      4.970000000      0.000000000      0.000000000
      4.975000000      0.000000000      0.000000000
      4.980000000      0.000000000      0.000000000
      4.985000000      0.000000000      0.000000000
      4.990000000      0.000000000      0.000000000
      4.995000000      0.000000000      0.000000000
      5.000000000      0.000000000      0.000000000
      5.005000000      0.000000000      0.000000000
      5.010000000      0.000000000      0.000000000
      5.015000000      0.000000000      0.000000000
      5.020000000      0.000000000      0.000000000
      5.025000000      0.000000000      0.000000000
      5.030000000      0.000000000      0.000000000
      5.035000000      0.000000000      0.000000000
      5.040000000      0.000000000      0.000000000
      5.045000000      0.000000000      0.000000000
      5.050000000      0.000000000      0.000000000
      5.055000000      0.000000000      0.000000000
      5.060000000      0.000000000      0.000000000
      5.065000000      0.000000000      0.000000000
      5.070000000      0.000000000      0.000000000
      5.075000000      0.000000000      0.000000000
      5.080000000      0.000000000      0.000000000
      5.085000000      0.000000000      0.000000000
      5.090000000      0.000000000      0.000000000
      5.095000000      0.000000000      0.000000000
      5.100000000      0.000000000      0.000000000
      5.105000000      0.000000000      0.000000000
      5.110000000      0.000000000      0.000000000
      5.115000000      0.000000000      0.000000000
      5.120000000      0.000000000      0.000000000
      5.125000000      0.000000000      0.000000000
      5.130000000      0.000000000      0.000000000
      5.135000000      0.000000000      0.000000000
      5.140000000      0.000000000      0.000000000
      5.145000000      0.000000000      0.000000000
      5.150000000      0.000000000      0.000000000
      5.155000000      0.000000000      0.000000000
      5.160000000      0.000000000      0.000000000
      5.165000000      0.000000000      0.000000000
      5.170000000      0.000000000      0.000000000
      5.175000000      0.000000000      0.000000000
      5.180000000      0.000000000      0.000000000
      5.185000000      0.000000000      0.000000000
      5.190000000      0.000000000      0.000000000
      5.195000000      0.000000000      0.000000000
      5.200000000      0.000000000      0.000000000
      5.205000000      0.000000000      0.000000000
      5.210000000      0.000000000      0.000000000
      5.215000000      0.000000000      0.000000000
      5.220000000      0.000000000      0.000000000
      5.225000000      0.000000000      0.000000000
      5.230000000      0.000000000      0.000000000
      5.235000000      0.000000000      0.000000000
      5.240000000      0.000000000      0.000000000
      5.245000000      0.000000000      0.000000000
      5.250000000      0.000000000      0.000000000
      5.255000000      0.000000000      0.000000000
      5.260000000      0.000000000      0.000000000
      5.265000000      0.000000000      0.000000000
      5.270000000      0.000000000      0.000000000
      5.275000000      0.000000000      0.000000000
      5.280000000      0.000000000      0.000000000
      5.285000000      0.000000000      0.000000000
      5.290000000      0.000000000      0.000000000
      5.295000000      0.000000000      0.000000000
      5.300000000      0.000000000      0.000000000
      5.305000000      0.000000000      0.000000000
      5.310000000      0.000000000      0.000000000
      5.315000000      0.000000000      0.000000000
      5.320000000      0.000000000      0.000000000
      5.325000000      0.000000000      0.000000000
      5.330000000      0.000000000      0.000000000
      5.335000000      0.000000000      0.000000000
      5.340000000      0.000000000      0.000000000
      5.345000000      0.000000000      0.000000000
      5.350000000      0.000000000      0.000000000
      5.355000000      0.000000000      0.000000000
      5.360000000      0.000000000      0.000000000
      5.365000000      0.000000000      0.000000000
      5.370000000      0.000000000      0.000000000
      5.375000000      0.000000000      0.000000000
      5.380000000      0.000000000      0.000000000
      5.385000000      0.000000000      0.000000000
      5.390000000      0.000000000      0.000000000
      5.395000000      0.000000000      0.000000000
      5.400000000      0.000000000      0.000000000
      5.405000000      0.000000000      0.000000000
      5.410000000      0.000000000      0.000000000
      5.415000000      0.000000000      0.000000000
      5.420000000      0.000000000      0.000000000
      5.425000000      0.000000000      0.000000000
      5.430000000      0.000000000      0.000000000
      5.435000000      0.000000000      0.000000000
      5.440000000      0.000000000      0.000000000
      5.445000000      0.000000000      0.000000000
      5.450000000      0.000000000      0.000000000
      5.455000000      0.000000000      0.000000000
      5.460000000      0.000000000      0.000000000
      5.465000000      0.000000000      0.000000000
      5.470000000      0.000000000      0.000000000
      5.475000000      0.000000000      0.000000000
      5.480000000      0.000000000      0.000000000
      5.485000000      0.000000000      0.000000000
      5.490000000      0.000000000      0.000000000
      5.495000000      0.000000000      0.000000000
      5.500000000      0.000000000      0.000000000
      5.505000000      0.000000000      0.000000000
      5.510000000      0.000000000      0.000000000
      5.515000000      0.000000000      0.000000000
      5.520000000      0.000000000      0.000000000
      5.525000000      0.000000000      0.000000000
      5.530000000      0.000000000      0.000000000
      5.535000000      0.000000000      0.000000000
      5.540000000      0.000000000      0.000000000
      5.545000000      0.000000000      0.000000000
      5.550000000      0.000000000      0.000000000
      5.555000000      0.000000000      0.000000000
      5.560000000      0.000000000      0.000000000
      5.565000000      0.000000000      0.000000000
      5.570000000      0.000000000      0.000000000
      5.575000000      0.000000000      0.000000000
      5.580000000      0.000000000      0.000000000
      5.585000000      0.000000000      0.000000000
      5.590000000      0.000000000      0.000000000
      5.595000000      0.000000000      0.000000000
      5.600000000      0.000000000      0.000000000
      5.605000000      0.000000000      0.000000000
      5.610000000      0.000000000      0.000000000
      5.615000000      0.000000000      0.000000000
      5.620000000      0.000000000      0.000000000
      5.625000000      0.000000000      0.000000000
      5.630000000      0.000000000      0.000000000
      5.635000000      0.000000000      0.000000000
      5.640000000      0.000000000      0.000000000
      5.645000000      0.000000000      0.000000000
      5.650000000      0.000000000      0.000000000
      5.655000000      0.000000000      0.000000000
      5.660000000      0.000000000      0.000000000
      5.665000000      0.000000000      0.000000000
      5.670000000      0.000000000      0.000000000
      5.675000000      0.000000000      0.000000000
      5.680000000      0.000000000      0.000000000
      5.685000000      0.000000000      0.000000000
      5.690000000      0.000000000      0.000000000
      5.695000000      0.000000000      0.000000000
      5.700000000      0.000000000      0.000000000
      5.705000000      0.000000000      0.000000000
      5.710000000      0.000000000      0.000000000
      5.715000000      0.000000000      0.000000000
      5.720000000      0.000000000      0.000000000
      5.725000000      0.000000000      0.000000000
      5.730000000      0.000000000      0.000000000
      5.735000000      0.000000000      0.000000000
      5.740000000      0.000000000      0.000000000
      5.745000000      0.000000000      0.000000000
      5.750000000      0.000000000      0.000000000
      5.755000000      0.000000000      0.000000000
      5.760000000      0.000000000      0.000000000
      5.765000000      0.000000000      0.000000000
      5.770000000      0.000000000      0.000000000
      5.775000000      0.000000000      0.000000000
      5.780000000      0.000000000      0.000000000
      5.785000000      0.000000000      0.000000000
      5.790000000      0.000000000      0.000000000
      5.795000000      0.000000000      0.000000000
      5.800000000      0.000000000      0.000000000
      5.805000000      0.000000000      0.000000000
      5.810000000      0.000000000      0.000000000
      5.815000000      0.000000000      0.000000000
      5.820000000      0.000000000      0.000000000
      5.825000000      0.000000000      0.000000000
      5.830000000      0.000000000      0.000000000
      5.835000000      0.000000000      0.000000000
      5.840000000      0.000000000      0.000000000
      5.845000000      0.000000000      0.000000000
      5.850000000      0.000000000      0.000000000
      5.855000000      0.000000000      0.000000000
      5.860000000      0.000000000      0.000000000
      5.865000000      0.000000000      0.000000000
      5.870000000      0.000000000      0.000000000
      5.875000000      0.000000000      0.000000000
      5.880000000      0.000000000      0.000000000
      5.885000000      0.000000000      0.000000000
      5.890000000      0.000000000      0.000000000
      5.895000000      0.000000000      0.000000000
      5.900000000      0.000000000      0.000000000
      5.905000000      0.000000000      0.000000000
      5.910000000      0.000000000      0.000000000
      5.915000000      0.000000000      0.000000000
      5.920000000      0.000000000      0.000000000
      5.925000000      0.000000000      0.000000000
      5.930000000      0.000000000      0.000000000
      5.935000000      0.000000000      0.000000000
      5.940000000      0.000000000      0.000000000
      5.945000000      0.000000000      0.000000000
      5.950000000      0.000000000      0.000000000
      5.955000000      0.000000000      0.000000000
      5.960000000      0.000000000      0.000000000
      5.965000000      0.000000000      0.000000000
      5.970000000      0.000000000      0.000000000
      5.975000000      0.000000000      0.000000000
      5.980000000      0.000000000      0.000000000
      5.985000000      0.000000000      0.000000000
      5.990000000      0.000000000      0.000000000
      5.995000000      0.000000000      0.000000000
      6.000000000      0.000000000      0.000000000
      6.005000000      0.000000000      0.000000000
      6.010000000      0.000000000      0.000000000
      6.015000000      0.000000000      0.000000000
      6.020000000      0.000000000      0.000000000
      6.025000000      0.000000000      0.000000000
      6.030000000      0.000000000      0.000000000
      6.035000000      0.000000000      0.000000000
      6.040000000      0.000000000      0.000000000
      6.045000000      0.000000000      0.000000000
      6.050000000      0.000000000      0.000000000
      6.055000000      0.000000000      0.000000000
      6.060000000      0.000000000      0.000000000
      6.065000000      0.000000000      0.000000000
      6.070000000      0.000000000      0.000000000
      6.075000000      0.000000000      0.000000000
      6.080000000      0.000000000      0.000000000
      6.085000000      0.000000000      0.000000000
      6.090000000      0.000000000      0.000000000
      6.095000000      0.000000000      0.000000000
      6.100000000      0.000000000      0.000000000
      6.105000000      0.000000000      0.000000000
      6.110000000      0.000000000      0.000000000
      6.115000000      0.000000000      0.000000000
      6.120000000      0.000000000      0.000000000
      6.125000000      0.000000000      0.000000000
      6.130000000      0.000000000      0.000000000
      6.135000000      0.000000000      0.000000000
      6.140000000      0.000000000      0.000000000
      6.145000000      0.000000000      0.000000000
      6.150000000      0.000000000      0.000000000
      6.155000000      0.000000000      0.000000000
      6.160000000      0.000000000      0.000000000
      6.165000000      0.000000000      0.000000000
      6.170000000      0.000000000      0.000000000
      6.175000000      0.000000000      0.000000000
      6.180000000      0.000000000      0.000000000
      6.185000000      0.000000000      0.000000000
      6.190000000      0.000000000      0.000000000
      6.195000000      0.000000000      0.000000000
      6.200000000      0.000000000      0.000000000
      6.205000000      0.000000000      0.000000000
      6.210000000      0.000000000      0.000000000
      6.215000000      0.000000000      0.000000000
      6.220000000      0.008697038      0.000000008
      6.225000000      0.008700362      0.000000022
      6.230000000      0.008704135      0.000000044
      6.235000000      0.008708309      0.000000073
      6.240000000      0.008712935      0.000000109
      6.245000000      0.008717966      0.000000152
      6.250000000      0.008723452      0.000000203
      6.255000000      0.008729347      0.000000261
      6.260000000      0.008735703      0.000000327
      6.265000000      0.008742472      0.000000400
      6.270000000      0.008749706      0.000000481
      6.275000000      0.008757359      0.000000570
      6.280000000      0.008765483      0.000000667
      6.285000000      0.008774083      0.000000771
      6.290000000      0.008783111      0.000000883
      6.295000000      0.008792622      0.000001004
      6.300000000      0.008802568      0.000001132
      6.305000000      0.008813002      0.000001269
      6.310000000      0.008823877      0.000001413
      6.315000000      0.008835303      0.000001568
      6.320000000      0.008847182      0.000001730
      6.325000000      0.008859571      0.000001902
      6.330000000      0.008872423      0.000002083
      6.335000000      0.008885796      0.000002272
      6.340000000      0.008899697      0.000002471
      6.345000000      0.008914077      0.000002679
      6.350000000      0.008928997      0.000002897
      6.355000000      0.008944410      0.000003124
      6.360000000      0.008960375      0.000003362
      6.365000000      0.008976847      0.000003609
      6.370000000      0.008993884      0.000003867
      6.375000000      0.009011441      0.000004134
      6.380000000      0.009029577      0.000004414
      6.385000000      0.009048248      0.000004704
      6.390000000      0.009067517      0.000005006
      6.395000000      0.009086891      0.000005309
      6.400000000      0.009106372      0.000005615
      6.405000000      0.009125961      0.000005925
      6.410000000      0.009145657      0.000006237
      6.415000000      0.009165463      0.000006552
      6.420000000      0.009185379      0.000006870
      6.425000000      0.009205405      0.000007192
      6.430000000      0.009225543      0.000007516
      6.435000000      0.009245792      0.000007844
      6.440000000      0.009266155      0.000008176
      6.445000000      0.009286630      0.000008510
      6.450000000      0.009307221      0.000008847
      6.455000000      0.009327926      0.000009188
      6.460000000      0.009348747      0.000009532
      6.465000000      0.009369684      0.000009879
      6.470000000      0.009390739      0.000010230
      6.475000000      0.009411912      0.000010585
      6.480000000      0.009433203      0.000010943
      6.485000000      0.009454614      0.000011305
      6.490000000      0.009476083      0.000011669
      6.495000000      0.009497672      0.000012038
      6.500000000      0.009519382      0.000012409
      6.505000000      0.009541213      0.000012784
      6.510000000      0.009563230      0.000013165
      6.515000000      0.009585371      0.000013549
      6.520000000      0.009607636      0.000013936
      6.525000000      0.009630026      0.000014328
      6.530000000      0.009652542      0.000014724
      6.535000000      0.009675184      0.000015124
      6.540000000      0.009697953      0.000015529
      6.545000000      0.009720850      0.000015938
      6.550000000      0.009743875      0.000016351
      6.555000000      0.009767028      0.000016768
      6.560000000      0.009790311      0.000017189
      6.565000000      0.009813725      0.000017614
      6.570000000      0.009837268      0.000018044
      6.575000000      0.009860944      0.000018479
      6.580000000      0.009884750      0.000018918
      6.585000000      0.009908690      0.000019361
      6.590000000      0.009932762      0.000019809
      6.595000000      0.009956967      0.000020264
      6.600000000      0.009981306      0.000020721
      6.605000000      0.010005780      0.000021185
      6.610000000      0.010030389      0.000021653
      6.615000000      0.010055133      0.000022125
      6.620000000      0.010080012      0.000022602
      6.625000000      0.010105028      0.000023085
      6.630000000      0.010130180      0.000023573
      6.635000000      0.010155470      0.000024066
      6.640000000      0.010180896      0.000024564
      6.645000000      0.010206460      0.000025067
      6.650000000      0.010232163      0.000025577
      6.655000000      0.010258003      0.000026092
      6.660000000      0.010283982      0.000026611
      6.665000000      0.010310100      0.000027137
      6.670000000      0.010336357      0.000027668
      6.675000000      0.010362753      0.000028205
      6.680000000      0.010389289      0.000028747
      6.685000000      0.010415885      0.000029293
      6.690000000      0.010442621      0.000029845
      6.695000000      0.010469496      0.000030403
      6.700000000      0.010496509      0.000030968
      6.705000000      0.010523742      0.000031543
      6.710000000      0.010551114      0.000032121
      6.715000000      0.010578626      0.000032706
      6.720000000      0.010606277      0.000033297
      6.725000000      0.010634068      0.000033895
      6.730000000      0.010661999      0.000034498
      6.735000000      0.010690068      0.000035109
      6.740000000      0.010718277      0.000035726
      6.745000000      0.010746624      0.000036349
      6.750000000      0.010775110      0.000036979
      6.755000000      0.010803734      0.000037616
      6.760000000      0.010832496      0.000038262
      6.765000000      0.010861395      0.000038912
      6.770000000      0.010890431      0.000039570
      6.775000000      0.010919603      0.000040235
      6.780000000      0.010948912      0.000040906
      6.785000000      0.010978355      0.000041585
      6.790000000      0.011007933      0.000042271
      6.795000000      0.011037644      0.000042965
      6.800000000      0.011067489      0.000043665
      6.805000000      0.011097466      0.000044373
      6.810000000      0.011127888      0.000045137
      6.815000000      0.011158448      0.000045867
      6.820000000      0.011189147      0.000046603
      6.825000000      0.011219983      0.000047347
      6.830000000      0.011250955      0.000048099
      6.835000000      0.011282063      0.000048859
      6.840000000      0.011313305      0.000049627
      6.845000000      0.011344681      0.000050404
      6.850000000      0.011376189      0.000051188
      6.855000000      0.011407828      0.000051981
      6.860000000      0.011439597      0.000052782
      6.865000000      0.011471494      0.000053591
      6.870000000      0.011503519      0.000054410
      6.875000000      0.011535675      0.000055237
      6.880000000      0.011567850      0.000056064
      6.885000000      0.011600176      0.000056929
      6.890000000      0.011632623      0.000057780
      6.895000000      0.011665185      0.000058639
      6.900000000      0.011697973      0.000059514
      6.905000000      0.011730872      0.000060394
      6.910000000      0.011763887      0.000061282
      6.915000000      0.011797015      0.000062180
      6.920000000      0.011830254      0.000063086
      6.925000000      0.011863603      0.000064003
      6.930000000      0.011897057      0.000064927
      6.935000000      0.011930617      0.000065860
      6.940000000      0.011964278      0.000066803
      6.945000000      0.011998038      0.000067754
      6.950000000      0.012031895      0.000068714
      6.955000000      0.012065845      0.000069683
      6.960000000      0.012099887      0.000070661
      6.965000000      0.012134016      0.000071649
      6.970000000      0.012168249      0.000072676
      6.975000000      0.012202564      0.000073683
      6.980000000      0.012236959      0.000074701
      6.985000000      0.012271429      0.000075727
      6.990000000      0.012305971      0.000076761
      6.995000000      0.012340582      0.000077805
      7.000000000      0.012375257      0.000078857
      7.005000000      0.012409993      0.000079918
      7.010000000      0.012444784      0.000080989
      7.015000000      0.012479627      0.000082068
      7.020000000      0.012514518      0.000083156
      7.025000000      0.012549451      0.000084254
      7.030000000      0.012584421      0.000085360
      7.035000000      0.012619424      0.000086475
      7.040000000      0.012654454      0.000087582
      7.045000000      0.012689507      0.000088679
      7.050000000      0.012724602      0.000089801
      7.055000000      0.012759709      0.000090880
      7.060000000      0.012794824      0.000091950
      7.065000000      0.012829940      0.000093009
      7.070000000      0.012865067      0.000094060
      7.075000000      0.012900045      0.000095085
      7.080000000      0.012935021      0.000096110
      7.085000000      0.012969972      0.000097120
      7.090000000      0.013004875      0.000098118
      7.095000000      0.013039883      0.000099117
      7.100000000      0.013074826      0.000100091
      7.105000000      0.013109716      0.000101055
      7.110000000      0.013144543      0.000102003
      7.115000000      0.013179299      0.000102939
      7.120000000      0.013213976      0.000103858
      7.125000000      0.013248564      0.000104764
      7.130000000      0.013283053      0.000105654
      7.135000000      0.013317470      0.000106557
      7.140000000      0.013351771      0.000107415
      7.145000000      0.013385943      0.000108259
      7.150000000      0.013420051      0.000109090
      7.155000000      0.013454349      0.000109918
      7.160000000      0.013489025      0.000110746
      7.165000000      0.013524086      0.000111565
      7.170000000      0.013559538      0.000112378
      7.175000000      0.013595390      0.000113182
      7.180000000      0.013631649      0.000113979
      7.185000000      0.013668321      0.000114767
      7.190000000      0.013705416      0.000115548
      7.195000000      0.013742941      0.000116320
      7.200000000      0.013780904      0.000117082
      7.205000000      0.013819313      0.000117838
      7.210000000      0.013858177      0.000118584
      7.215000000      0.013897504      0.000119342
      7.220000000      0.013937302      0.000120113
      7.225000000      0.013977579      0.000120900
      7.230000000      0.014018403      0.000121715
      7.235000000      0.014059727      0.000122530
      7.240000000      0.014101560      0.000123359
      7.245000000      0.014143910      0.000124203
      7.250000000      0.014186787      0.000125062
      7.255000000      0.014230200      0.000125937
      7.260000000      0.014274157      0.000126825
      7.265000000      0.014318704      0.000127732
      7.270000000      0.014363593      0.000128647
      7.275000000      0.014409087      0.000129584
      7.280000000      0.014455159      0.000130538
      7.285000000      0.014501817      0.000131513
      7.290000000      0.014549033      0.000132508
      7.295000000      0.014597094      0.000133528
      7.300000000      0.014645734      0.000134574
      7.305000000      0.014695001      0.000135642
      7.310000000      0.014744904      0.000136735
      7.315000000      0.014795540      0.000137837
      7.320000000      0.014846836      0.000138982
      7.325000000      0.014898798      0.000140156
      7.330000000      0.014951434      0.000141363
      7.335000000      0.015004751      0.000142603
      7.340000000      0.015058755      0.000143878
      7.345000000      0.015113450      0.000145190
      7.350000000      0.015168842      0.000146542
      7.355000000      0.015224933      0.000147937
      7.360000000      0.015281724      0.000149378
      7.365000000      0.015339216      0.000150870
      7.370000000      0.015397405      0.000152413
      7.375000000      0.015456289      0.000154016
      7.380000000      0.015515989      0.000155594
      7.385000000      0.015576382      0.000157322
      7.390000000      0.015637451      0.000159129
      7.395000000      0.015699180      0.000161022
      7.400000000      0.015761548      0.000163013
      7.405000000      0.015824528      0.000165113
      7.410000000      0.015888085      0.000167336
      7.415000000      0.015952179      0.000169699
      7.420000000      0.016016761      0.000172222
      7.425000000      0.016081946      0.000174715
      7.430000000      0.016147516      0.000177594
      7.435000000      0.016213380      0.000180720
      7.440000000      0.016279435      0.000184127
      7.445000000      0.016345563      0.000187864
      7.450000000      0.016411621      0.000191990
      7.455000000      0.016477655      0.000196218
      7.460000000      0.016543294      0.000201281
      7.465000000      0.016608408      0.000206878
      7.470000000      0.016672017      0.000213815
      7.475000000      0.016734452      0.000221192
      7.480000000      0.016795217      0.000229901
      7.485000000      0.016853968      0.000239657
      7.490000000      0.016910750      0.000250830
      7.495000000      0.016964533      0.000259947
      7.500000000      0.017015579      0.000261781
      7.505000000      0.017064039      0.000263530
      7.510000000      0.017109531      0.000265177
      7.515000000      0.017151916      0.000266718
      7.520000000      0.017190522      0.000268125
      7.525000000      0.017224909      0.000269382
      7.530000000      0.017254629      0.000270470
      7.535000000      0.017279239      0.000271372
      7.540000000      0.017298315      0.000272072
      7.545000000      0.017311786      0.000272570
      7.550000000      0.017318988      0.000272837
      7.555000000      0.017319631      0.000272861
      7.560000000      0.017313506      0.000272634
      7.565000000      0.017300492      0.000272152
      7.570000000      0.017280569      0.000271416
      7.575000000      0.017253815      0.000270429
      7.580000000      0.017220408      0.000269200
      7.585000000      0.017180615      0.000267735
      7.590000000      0.017134782      0.000266054
      7.595000000      0.017083312      0.000264175
      7.600000000      0.017026648      0.000262117
      7.605000000      0.016965259      0.000259899
      7.610000000      0.016899618      0.000257540
      7.615000000      0.016830191      0.000255060
      7.620000000      0.016757424      0.000252477
      7.625000000      0.016681374      0.000249794
      7.630000000      0.016602843      0.000247043
      7.635000000      0.016522172      0.000244237
      7.640000000      0.016439664      0.000241387
      7.645000000      0.016355586      0.000238504
      7.650000000      0.016270170      0.000235602
      7.655000000      0.016183615      0.000232683
      7.660000000      0.016096465      0.000229767
      7.665000000      0.016007267      0.000226800
      7.670000000      0.015917928      0.000223853
      7.675000000      0.015828095      0.000220914
      7.680000000      0.015737470      0.000217972
      7.685000000      0.015647698      0.000215087
      7.690000000      0.015557048      0.000212193
      7.695000000      0.015466009      0.000209310
      7.700000000      0.015374622      0.000206441
      7.705000000      0.015282918      0.000203586
      7.710000000      0.015190523      0.000200734
      7.715000000      0.015097915      0.000197900
      7.720000000      0.015005095      0.000195084
      7.725000000      0.014912062      0.000192287
      7.730000000      0.014818808      0.000189507
      7.735000000      0.014725324      0.000186746
      7.740000000      0.014631601      0.000184002
      7.745000000      0.014537624      0.000181276
      7.750000000      0.014443378      0.000178566
      7.755000000      0.014348845      0.000175874
      7.760000000      0.014254007      0.000173201
      7.765000000      0.014158842      0.000170544
      7.770000000      0.014063330      0.000167902
      7.775000000      0.013967447      0.000165275
      7.780000000      0.013871172      0.000162662
      7.785000000      0.013774479      0.000160064
      7.790000000      0.013677343      0.000157479
      7.795000000      0.013579739      0.000154904
      7.800000000      0.013481640      0.000152342
      7.805000000      0.013383018      0.000149792
      7.810000000      0.013283842      0.000147254
      7.815000000      0.013184082      0.000144728
      7.820000000      0.013083706      0.000142212
      7.825000000      0.012982681      0.000139707
      7.830000000      0.012880972      0.000137213
      7.835000000      0.012778545      0.000134728
      7.840000000      0.012675363      0.000132252
      7.845000000      0.012571388      0.000129785
      7.850000000      0.012466580      0.000127327
      7.855000000      0.012360757      0.000124874
      7.860000000      0.012252845      0.000122399
      7.865000000      0.012144673      0.000119950
      7.870000000      0.012035689      0.000117514
      7.875000000      0.011925435      0.000115079
      7.880000000      0.011815502      0.000112684
      7.885000000      0.011703883      0.000110283
      7.890000000      0.011591005      0.000107886
      7.895000000      0.011476817      0.000105493
      7.900000000      0.011361266      0.000103104
      7.905000000      0.011244293      0.000100717
      7.910000000      0.011125835      0.000098334
      7.915000000      0.011005825      0.000095954
      7.920000000      0.010884188      0.000093577
      7.925000000      0.010760847      0.000091202
      7.930000000      0.010635717      0.000088831
      7.935000000      0.010508710      0.000086461
      7.940000000      0.010379728      0.000084094
      7.945000000      0.010248669      0.000081728
      7.950000000      0.010115422      0.000079363
      7.955000000      0.009979169      0.000076988
      7.960000000      0.009840662      0.000074617
      7.965000000      0.009699727      0.000072249
      7.970000000      0.009556185      0.000069884
      7.975000000      0.009409851      0.000067521
      7.980000000      0.009260531      0.000065159
      7.985000000      0.009108021      0.000062797
      7.990000000      0.008952100      0.000060435
      7.995000000      0.008792532      0.000058072
      8.000000000      0.008629059      0.000055708
      8.005000000      0.008461398      0.000053343
      8.010000000      0.008289239      0.000050975
      8.015000000      0.008112239      0.000048606
      8.020000000      0.007929065      0.000046222
      8.025000000      0.007740579      0.000043841
      8.030000000      0.007546201      0.000041462
      8.035000000      0.007345309      0.000039083
      8.040000000      0.007137218      0.000036704
      8.045000000      0.006921155      0.000034324
      8.050000000      0.006696691      0.000031947
      8.055000000      0.006460649      0.000029552
      8.060000000      0.006214822      0.000027169
      8.065000000      0.005955635      0.000024780
      8.070000000      0.005682678      0.000022397
      8.075000000      0.005395687      0.000020038
      8.080000000      0.005088359      0.000017673
      8.085000000      0.004758155      0.000015316
      8.090000000      0.004400373      0.000012971
      8.095000000      0.004007228      0.000010641
      8.100000000      0.003571910      0.000008352
      8.105000000      0.003078666      0.000006118
      8.110000000      0.002501215      0.000003972
