       1    1623        0.0
      0.000000000      0.000000000
      0.005000000      0.000000000
      0.010000000      0.000000000
      0.015000000      0.000000000
      0.020000000      0.000000000
      0.025000000      0.000000000
      0.030000000      0.000000001
      0.035000000      0.000000001
      0.040000000      0.000000001
      0.045000000      0.000000001
      0.050000000      0.000000001
      0.055000000      0.000000001
      0.060000000      0.000000001
      0.065000000      0.000000001
      0.070000000      0.000000001
      0.075000000      0.000000001
      0.080000000      0.000000001
      0.085000000      0.000000002
      0.090000000      0.000000002
      0.095000000      0.000000002
      0.100000000      0.000000002
      0.105000000      0.000000002
      0.110000000      0.000000002
      0.115000000      0.000000002
      0.120000000      0.000000002
      0.125000000      0.000000002
      0.130000000      0.000000002
      0.135000000      0.000000002
      0.140000000      0.000000003
      0.145000000      0.000000003
      0.150000000      0.000000003
      0.155000000      0.000000003
      0.160000000      0.000000003
      0.165000000      0.000000003
      0.170000000      0.000000003
      0.175000000      0.000000003
      0.180000000      0.000000003
      0.185000000      0.000000003
      0.190000000      0.000000003
      0.195000000      0.000000004
      0.200000000      0.000000004
      0.205000000      0.000000004
      0.210000000      0.000000004
      0.215000000      0.000000004
      0.220000000      0.000000004
      0.225000000      0.000000004
      0.230000000      0.000000004
      0.235000000      0.000000004
      0.240000000      0.000000004
      0.245000000      0.000000004
      0.250000000      0.000000005
      0.255000000      0.000000005
      0.260000000      0.000000005
      0.265000000      0.000000005
      0.270000000      0.000000005
      0.275000000      0.000000005
      0.280000000      0.000000005
      0.285000000      0.000000005
      0.290000000      0.000000005
      0.295000000      0.000000005
      0.300000000      0.000000005
      0.305000000      0.000000005
      0.310000000      0.000000006
      0.315000000      0.000000006
      0.320000000      0.000000006
      0.325000000      0.000000006
      0.330000000      0.000000006
      0.335000000      0.000000006
      0.340000000      0.000000006
      0.345000000      0.000000006
      0.350000000      0.000000006
      0.355000000      0.000000006
      0.360000000      0.000000006
      0.365000000      0.000000007
      0.370000000      0.000000007
      0.375000000      0.000000007
      0.380000000      0.000000007
      0.385000000      0.000000007
      0.390000000      0.000000007
      0.395000000      0.000000007
      0.400000000      0.000000007
      0.405000000      0.000000007
      0.410000000      0.000000007
      0.415000000      0.000000007
      0.420000000      0.000000007
      0.425000000      0.000000008
      0.430000000      0.000000008
      0.435000000      0.000000008
      0.440000000      0.000000008
      0.445000000      0.000000008
      0.450000000      0.000000008
      0.455000000      0.000000008
      0.460000000      0.000000008
      0.465000000      0.000000008
      0.470000000      0.000000008
      0.475000000      0.000000008
      0.480000000      0.000000009
      0.485000000      0.000000009
      0.490000000      0.000000009
      0.495000000      0.000000009
      0.500000000      0.000000009
      0.505000000      0.000000009
      0.510000000      0.000000009
      0.515000000      0.000000009
      0.520000000      0.000000009
      0.525000000      0.000000009
      0.530000000      0.000000009
      0.535000000      0.000000009
      0.540000000      0.000000010
      0.545000000      0.000000010
      0.550000000      0.000000010
      0.555000000      0.000000010
      0.560000000      0.000000010
      0.565000000      0.000000010
      0.570000000      0.000000010
      0.575000000      0.000000010
      0.580000000      0.000000010
      0.585000000      0.000000010
      0.590000000      0.000000010
      0.595000000      0.000000010
      0.600000000      0.000000011
      0.605000000      0.000000011
      0.610000000      0.000000011
      0.615000000      0.000000011
      0.620000000      0.000000011
      0.625000000      0.000000011
      0.630000000      0.000000011
      0.635000000      0.000000011
      0.640000000      0.000000011
      0.645000000      0.000000011
      0.650000000      0.000000011
      0.655000000      0.000000011
      0.660000000      0.000000012
      0.665000000      0.000000012
      0.670000000      0.000000012
      0.675000000      0.000000012
      0.680000000      0.000000012
      0.685000000      0.000000012
      0.690000000      0.000000012
      0.695000000      0.000000012
      0.700000000      0.000000012
      0.705000000      0.000000012
      0.710000000      0.000000012
      0.715000000      0.000000012
      0.720000000      0.000000013
      0.725000000      0.000000013
      0.730000000      0.000000013
      0.735000000      0.000000013
      0.740000000      0.000000013
      0.745000000      0.000000013
      0.750000000      0.000000013
      0.755000000      0.000000013
      0.760000000      0.000000013
      0.765000000      0.000000013
      0.770000000      0.000000013
      0.775000000      0.000000013
      0.780000000      0.000000014
      0.785000000      0.000000014
      0.790000000      0.000000014
      0.795000000      0.000000014
      0.800000000      0.000000014
      0.805000000      0.000000014
      0.810000000      0.000000014
      0.815000000      0.000000014
      0.820000000      0.000000014
      0.825000000      0.000000014
      0.830000000      0.000000014
      0.835000000      0.000000014
      0.840000000      0.000000014
      0.845000000      0.000000015
      0.850000000      0.000000015
      0.855000000      0.000000015
      0.860000000      0.000000015
      0.865000000      0.000000015
      0.870000000      0.000000015
      0.875000000      0.000000015
      0.880000000      0.000000015
      0.885000000      0.000000015
      0.890000000      0.000000015
      0.895000000      0.000000015
      0.900000000      0.000000015
      0.905000000      0.000000016
      0.910000000      0.000000016
      0.915000000      0.000000016
      0.920000000      0.000000016
      0.925000000      0.000000016
      0.930000000      0.000000016
      0.935000000      0.000000016
      0.940000000      0.000000016
      0.945000000      0.000000016
      0.950000000      0.000000016
      0.955000000      0.000000016
      0.960000000      0.000000016
      0.965000000      0.000000016
      0.970000000      0.000000017
      0.975000000      0.000000017
      0.980000000      0.000000017
      0.985000000      0.000000017
      0.990000000      0.000000017
      0.995000000      0.000000017
      1.000000000      0.000000017
      1.005000000      0.000000017
      1.010000000      0.000000017
      1.015000000      0.000000017
      1.020000000      0.000000017
      1.025000000      0.000000017
      1.030000000      0.000000017
      1.035000000      0.000000018
      1.040000000      0.000000018
      1.045000000      0.000000018
      1.050000000      0.000000018
      1.055000000      0.000000018
      1.060000000      0.000000018
      1.065000000      0.000000018
      1.070000000      0.000000018
      1.075000000      0.000000018
      1.080000000      0.000000018
      1.085000000      0.000000018
      1.090000000      0.000000018
      1.095000000      0.000000019
      1.100000000      0.000000019
      1.105000000      0.000000019
      1.110000000      0.000000019
      1.115000000      0.000000019
      1.120000000      0.000000019
      1.125000000      0.000000019
      1.130000000      0.000000019
      1.135000000      0.000000019
      1.140000000      0.000000019
      1.145000000      0.000000019
      1.150000000      0.000000019
      1.155000000      0.000000019
      1.160000000      0.000000020
      1.165000000      0.000000020
      1.170000000      0.000000020
      1.175000000      0.000000020
      1.180000000      0.000000020
      1.185000000      0.000000020
      1.190000000      0.000000020
      1.195000000      0.000000020
      1.200000000      0.000000020
      1.205000000      0.000000020
      1.210000000      0.000000020
      1.215000000      0.000000020
      1.220000000      0.000000020
      1.225000000      0.000000020
      1.230000000      0.000000021
      1.235000000      0.000000021
      1.240000000      0.000000021
      1.245000000      0.000000021
      1.250000000      0.000000021
      1.255000000      0.000000021
      1.260000000      0.000000021
      1.265000000      0.000000021
      1.270000000      0.000000021
      1.275000000      0.000000021
      1.280000000      0.000000021
      1.285000000      0.000000021
      1.290000000      0.000000021
      1.295000000      0.000000022
      1.300000000      0.000000022
      1.305000000      0.000000022
      1.310000000      0.000000022
      1.315000000      0.000000022
      1.320000000      0.000000022
      1.325000000      0.000000022
      1.330000000      0.000000022
      1.335000000      0.000000022
      1.340000000      0.000000022
      1.345000000      0.000000022
      1.350000000      0.000000022
      1.355000000      0.000000022
      1.360000000      0.000000023
      1.365000000      0.000000023
      1.370000000      0.000000023
      1.375000000      0.000000023
      1.380000000      0.000000023
      1.385000000      0.000000023
      1.390000000      0.000000023
      1.395000000      0.000000023
      1.400000000      0.000000023
      1.405000000      0.000000023
      1.410000000      0.000000023
      1.415000000      0.000000023
      1.420000000      0.000000023
      1.425000000      0.000000023
      1.430000000      0.000000024
      1.435000000      0.000000024
      1.440000000      0.000000024
      1.445000000      0.000000024
      1.450000000      0.000000024
      1.455000000      0.000000024
      1.460000000      0.000000024
      1.465000000      0.000000024
      1.470000000      0.000000024
      1.475000000      0.000000024
      1.480000000      0.000000024
      1.485000000      0.000000024
      1.490000000      0.000000024
      1.495000000      0.000000025
      1.500000000      0.000000025
      1.505000000      0.000000025
      1.510000000      0.000000025
      1.515000000      0.000000025
      1.520000000      0.000000025
      1.525000000      0.000000025
      1.530000000      0.000000025
      1.535000000      0.000000025
      1.540000000      0.000000025
      1.545000000      0.000000025
      1.550000000      0.000000025
      1.555000000      0.000000025
      1.560000000      0.000000025
      1.565000000      0.000000026
      1.570000000      0.000000026
      1.575000000      0.000000026
      1.580000000      0.000000026
      1.585000000      0.000000026
      1.590000000      0.000000026
      1.595000000      0.000000026
      1.600000000      0.000000026
      1.605000000      0.000000026
      1.610000000      0.000000026
      1.615000000      0.000000026
      1.620000000      0.000000026
      1.625000000      0.000000026
      1.630000000      0.000000026
      1.635000000      0.000000027
      1.640000000      0.000000027
      1.645000000      0.000000027
      1.650000000      0.000000027
      1.655000000      0.000000027
      1.660000000      0.000000027
      1.665000000      0.000000027
      1.670000000      0.000000027
      1.675000000      0.000000027
      1.680000000      0.000000027
      1.685000000      0.000000027
      1.690000000      0.000000027
      1.695000000      0.000000027
      1.700000000      0.000000027
      1.705000000      0.000000028
      1.710000000      0.000000028
      1.715000000      0.000000028
      1.720000000      0.000000028
      1.725000000      0.000000028
      1.730000000      0.000000028
      1.735000000      0.000000028
      1.740000000      0.000000028
      1.745000000      0.000000028
      1.750000000      0.000000028
      1.755000000      0.000000028
      1.760000000      0.000000028
      1.765000000      0.000000028
      1.770000000      0.000000028
      1.775000000      0.000000028
      1.780000000      0.000000029
      1.785000000      0.000000029
      1.790000000      0.000000029
      1.795000000      0.000000029
      1.800000000      0.000000029
      1.805000000      0.000000029
      1.810000000      0.000000029
      1.815000000      0.000000029
      1.820000000      0.000000029
      1.825000000      0.000000029
      1.830000000      0.000000029
      1.835000000      0.000000029
      1.840000000      0.000000029
      1.845000000      0.000000029
      1.850000000      0.000000030
      1.855000000      0.000000030
      1.860000000      0.000000030
      1.865000000      0.000000030
      1.870000000      0.000000030
      1.875000000      0.000000030
      1.880000000      0.000000030
      1.885000000      0.000000030
      1.890000000      0.000000030
      1.895000000      0.000000030
      1.900000000      0.000000030
      1.905000000      0.000000030
      1.910000000      0.000000030
      1.915000000      0.000000030
      1.920000000      0.000000030
      1.925000000      0.000000031
      1.930000000      0.000000031
      1.935000000      0.000000031
      1.940000000      0.000000031
      1.945000000      0.000000031
      1.950000000      0.000000031
      1.955000000      0.000000031
      1.960000000      0.000000031
      1.965000000      0.000000031
      1.970000000      0.000000031
      1.975000000      0.000000031
      1.980000000      0.000000031
      1.985000000      0.000000031
      1.990000000      0.000000031
      1.995000000      0.000000031
      2.000000000      0.000000032
      2.005000000      0.000000032
      2.010000000      0.000000032
      2.015000000      0.000000032
      2.020000000      0.000000032
      2.025000000      0.000000032
      2.030000000      0.000000032
      2.035000000      0.000000032
      2.040000000      0.000000032
      2.045000000      0.000000032
      2.050000000      0.000000032
      2.055000000      0.000000032
      2.060000000      0.000000032
      2.065000000      0.000000032
      2.070000000      0.000000032
      2.075000000      0.000000033
      2.080000000      0.000000033
      2.085000000      0.000000033
      2.090000000      0.000000033
      2.095000000      0.000000033
      2.100000000      0.000000033
      2.105000000      0.000000033
      2.110000000      0.000000033
      2.115000000      0.000000033
      2.120000000      0.000000033
      2.125000000      0.000000033
      2.130000000      0.000000033
      2.135000000      0.000000033
      2.140000000      0.000000033
      2.145000000      0.000000033
      2.150000000      0.000000034
      2.155000000      0.000000034
      2.160000000      0.000000034
      2.165000000      0.000000034
      2.170000000      0.000000034
      2.175000000      0.000000034
      2.180000000      0.000000034
      2.185000000      0.000000034
      2.190000000      0.000000034
      2.195000000      0.000000034
      2.200000000      0.000000034
      2.205000000      0.000000034
      2.210000000      0.000000034
      2.215000000      0.000000034
      2.220000000      0.000000034
      2.225000000      0.000000035
      2.230000000      0.000000035
      2.235000000      0.000000035
      2.240000000      0.000000035
      2.245000000      0.000000035
      2.250000000      0.000000035
      2.255000000      0.000000035
      2.260000000      0.000000035
      2.265000000      0.000000035
      2.270000000      0.000000035
      2.275000000      0.000000035
      2.280000000      0.000000035
      2.285000000      0.000000035
      2.290000000      0.000000035
      2.295000000      0.000000035
      2.300000000      0.000000035
      2.305000000      0.000000036
      2.310000000      0.000000036
      2.315000000      0.000000036
      2.320000000      0.000000036
      2.325000000      0.000000036
      2.330000000      0.000000036
      2.335000000      0.000000036
      2.340000000      0.000000036
      2.345000000      0.000000036
      2.350000000      0.000000036
      2.355000000      0.000000036
      2.360000000      0.000000036
      2.365000000      0.000000036
      2.370000000      0.000000036
      2.375000000      0.000000036
      2.380000000      0.000000037
      2.385000000      0.000000037
      2.390000000      0.000000037
      2.395000000      0.000000037
      2.400000000      0.000000037
      2.405000000      0.000000037
      2.410000000      0.000000037
      2.415000000      0.000000037
      2.420000000      0.000000037
      2.425000000      0.000000037
      2.430000000      0.000000037
      2.435000000      0.000000037
      2.440000000      0.000000037
      2.445000000      0.000000037
      2.450000000      0.000000037
      2.455000000      0.000000037
      2.460000000      0.000000038
      2.465000000      0.000000038
      2.470000000      0.000000038
      2.475000000      0.000000038
      2.480000000      0.000000038
      2.485000000      0.000000038
      2.490000000      0.000000038
      2.495000000      0.000000038
      2.500000000      0.000000038
      2.505000000      0.000000038
      2.510000000      0.000000038
      2.515000000      0.000000038
      2.520000000      0.000000038
      2.525000000      0.000000038
      2.530000000      0.000000038
      2.535000000      0.000000038
      2.540000000      0.000000038
      2.545000000      0.000000038
      2.550000000      0.000000039
      2.555000000      0.000000039
      2.560000000      0.000000039
      2.565000000      0.000000039
      2.570000000      0.000000039
      2.575000000      0.000000039
      2.580000000      0.000000039
      2.585000000      0.000000039
      2.590000000      0.000000039
      2.595000000      0.000000039
      2.600000000      0.000000039
      2.605000000      0.000000039
      2.610000000      0.000000039
      2.615000000      0.000000039
      2.620000000      0.000000039
      2.625000000      0.000000039
      2.630000000      0.000000039
      2.635000000      0.000000039
      2.640000000      0.000000039
      2.645000000      0.000000039
      2.650000000      0.000000039
      2.655000000      0.000000039
      2.660000000      0.000000039
      2.665000000      0.000000039
      2.670000000      0.000000039
      2.675000000      0.000000039
      2.680000000      0.000000039
      2.685000000      0.000000039
      2.690000000      0.000000039
      2.695000000      0.000000039
      2.700000000      0.000000039
      2.705000000      0.000000039
      2.710000000      0.000000039
      2.715000000      0.000000039
      2.720000000      0.000000039
      2.725000000      0.000000039
      2.730000000      0.000000039
      2.735000000      0.000000039
      2.740000000      0.000000039
      2.745000000      0.000000039
      2.750000000      0.000000039
      2.755000000      0.000000039
      2.760000000      0.000000039
      2.765000000      0.000000039
      2.770000000      0.000000039
      2.775000000      0.000000039
      2.780000000      0.000000039
      2.785000000      0.000000039
      2.790000000      0.000000039
      2.795000000      0.000000039
      2.800000000      0.000000039
      2.805000000      0.000000039
      2.810000000      0.000000039
      2.815000000      0.000000039
      2.820000000      0.000000039
      2.825000000      0.000000039
      2.830000000      0.000000039
      2.835000000      0.000000039
      2.840000000      0.000000039
      2.845000000      0.000000039
      2.850000000      0.000000039
      2.855000000      0.000000038
      2.860000000      0.000000038
      2.865000000      0.000000038
      2.870000000      0.000000038
      2.875000000      0.000000038
      2.880000000      0.000000038
      2.885000000      0.000000038
      2.890000000      0.000000038
      2.895000000      0.000000038
      2.900000000      0.000000038
      2.905000000      0.000000038
      2.910000000      0.000000038
      2.915000000      0.000000038
      2.920000000      0.000000038
      2.925000000      0.000000038
      2.930000000      0.000000038
      2.935000000      0.000000038
      2.940000000      0.000000038
      2.945000000      0.000000038
      2.950000000      0.000000038
      2.955000000      0.000000038
      2.960000000      0.000000038
      2.965000000      0.000000038
      2.970000000      0.000000038
      2.975000000      0.000000038
      2.980000000      0.000000038
      2.985000000      0.000000038
      2.990000000      0.000000038
      2.995000000      0.000000038
      3.000000000      0.000000038
      3.005000000      0.000000038
      3.010000000      0.000000038
      3.015000000      0.000000038
      3.020000000      0.000000038
      3.025000000      0.000000038
      3.030000000      0.000000038
      3.035000000      0.000000038
      3.040000000      0.000000038
      3.045000000      0.000000038
      3.050000000      0.000000038
      3.055000000      0.000000038
      3.060000000      0.000000038
      3.065000000      0.000000038
      3.070000000      0.000000038
      3.075000000      0.000000038
      3.080000000      0.000000038
      3.085000000      0.000000038
      3.090000000      0.000000038
      3.095000000      0.000000038
      3.100000000      0.000000038
      3.105000000      0.000000038
      3.110000000      0.000000038
      3.115000000      0.000000038
      3.120000000      0.000000038
      3.125000000      0.000000038
      3.130000000      0.000000038
      3.135000000      0.000000038
      3.140000000      0.000000038
      3.145000000      0.000000039
      3.150000000      0.000000039
      3.155000000      0.000000039
      3.160000000      0.000000039
      3.165000000      0.000000039
      3.170000000      0.000000039
      3.175000000      0.000000039
      3.180000000      0.000000039
      3.185000000      0.000000039
      3.190000000      0.000000039
      3.195000000      0.000000039
      3.200000000      0.000000039
      3.205000000      0.000000039
      3.210000000      0.000000039
      3.215000000      0.000000039
      3.220000000      0.000000039
      3.225000000      0.000000039
      3.230000000      0.000000039
      3.235000000      0.000000039
      3.240000000      0.000000039
      3.245000000      0.000000039
      3.250000000      0.000000040
      3.255000000      0.000000040
      3.260000000      0.000000040
      3.265000000      0.000000040
      3.270000000      0.000000040
      3.275000000      0.000000040
      3.280000000      0.000000040
      3.285000000      0.000000040
      3.290000000      0.000000040
      3.295000000      0.000000040
      3.300000000      0.000000040
      3.305000000      0.000000040
      3.310000000      0.000000040
      3.315000000      0.000000041
      3.320000000      0.000000041
      3.325000000      0.000000041
      3.330000000      0.000000041
      3.335000000      0.000000041
      3.340000000      0.000000041
      3.345000000      0.000000041
      3.350000000      0.000000041
      3.355000000      0.000000041
      3.360000000      0.000000041
      3.365000000      0.000000041
      3.370000000      0.000000041
      3.375000000      0.000000041
      3.380000000      0.000000041
      3.385000000      0.000000042
      3.390000000      0.000000042
      3.395000000      0.000000042
      3.400000000      0.000000042
      3.405000000      0.000000042
      3.410000000      0.000000042
      3.415000000      0.000000042
      3.420000000      0.000000042
      3.425000000      0.000000042
      3.430000000      0.000000042
      3.435000000      0.000000042
      3.440000000      0.000000042
      3.445000000      0.000000043
      3.450000000      0.000000043
      3.455000000      0.000000043
      3.460000000      0.000000043
      3.465000000      0.000000043
      3.470000000      0.000000043
      3.475000000      0.000000043
      3.480000000      0.000000043
      3.485000000      0.000000043
      3.490000000      0.000000044
      3.495000000      0.000000044
      3.500000000      0.000000044
      3.505000000      0.000000044
      3.510000000      0.000000044
      3.515000000      0.000000044
      3.520000000      0.000000044
      3.525000000      0.000000045
      3.530000000      0.000000045
      3.535000000      0.000000045
      3.540000000      0.000000045
      3.545000000      0.000000045
      3.550000000      0.000000046
      3.555000000      0.000000046
      3.560000000      0.000000046
      3.565000000      0.000000046
      3.570000000      0.000000046
      3.575000000      0.000000047
      3.580000000      0.000000047
      3.585000000      0.000000047
      3.590000000      0.000000047
      3.595000000      0.000000047
      3.600000000      0.000000048
      3.605000000      0.000000048
      3.610000000      0.000000048
      3.615000000      0.000000048
      3.620000000      0.000000049
      3.625000000      0.000000049
      3.630000000      0.000000049
      3.635000000      0.000000049
      3.640000000      0.000000050
      3.645000000      0.000000050
      3.650000000      0.000000050
      3.655000000      0.000000050
      3.660000000      0.000000050
      3.665000000      0.000000051
      3.670000000      0.000000051
      3.675000000      0.000000051
      3.680000000      0.000000051
      3.685000000      0.000000052
      3.690000000      0.000000052
      3.695000000      0.000000052
      3.700000000      0.000000052
      3.705000000      0.000000053
      3.710000000      0.000000053
      3.715000000      0.000000053
      3.720000000      0.000000054
      3.725000000      0.000000054
      3.730000000      0.000000054
      3.735000000      0.000000054
      3.740000000      0.000000055
      3.745000000      0.000000055
      3.750000000      0.000000055
      3.755000000      0.000000056
      3.760000000      0.000000056
      3.765000000      0.000000056
      3.770000000      0.000000057
      3.775000000      0.000000057
      3.780000000      0.000000057
      3.785000000      0.000000058
      3.790000000      0.000000058
      3.795000000      0.000000058
      3.800000000      0.000000059
      3.805000000      0.000000059
      3.810000000      0.000000060
      3.815000000      0.000000060
      3.820000000      0.000000060
      3.825000000      0.000000061
      3.830000000      0.000000061
      3.835000000      0.000000062
      3.840000000      0.000000062
      3.845000000      0.000000062
      3.850000000      0.000000063
      3.855000000      0.000000063
      3.860000000      0.000000064
      3.865000000      0.000000064
      3.870000000      0.000000065
      3.875000000      0.000000065
      3.880000000      0.000000066
      3.885000000      0.000000066
      3.890000000      0.000000067
      3.895000000      0.000000067
      3.900000000      0.000000068
      3.905000000      0.000000068
      3.910000000      0.000000069
      3.915000000      0.000000069
      3.920000000      0.000000070
      3.925000000      0.000000070
      3.930000000      0.000000071
      3.935000000      0.000000071
      3.940000000      0.000000072
      3.945000000      0.000000072
      3.950000000      0.000000073
      3.955000000      0.000000074
      3.960000000      0.000000074
      3.965000000      0.000000075
      3.970000000      0.000000075
      3.975000000      0.000000076
      3.980000000      0.000000076
      3.985000000      0.000000077
      3.990000000      0.000000078
      3.995000000      0.000000078
      4.000000000      0.000000079
      4.005000000      0.000000079
      4.010000000      0.000000080
      4.015000000      0.000000081
      4.020000000      0.000000081
      4.025000000      0.000000082
      4.030000000      0.000000083
      4.035000000      0.000000083
      4.040000000      0.000000084
      4.045000000      0.000000085
      4.050000000      0.000000085
      4.055000000      0.000000086
      4.060000000      0.000000087
      4.065000000      0.000000087
      4.070000000      0.000000088
      4.075000000      0.000000089
      4.080000000      0.000000090
      4.085000000      0.000000090
      4.090000000      0.000000091
      4.095000000      0.000000092
      4.100000000      0.000000093
      4.105000000      0.000000093
      4.110000000      0.000000094
      4.115000000      0.000000095
      4.120000000      0.000000096
      4.125000000      0.000000097
      4.130000000      0.000000098
      4.135000000      0.000000098
      4.140000000      0.000000099
      4.145000000      0.000000100
      4.150000000      0.000000101
      4.155000000      0.000000102
      4.160000000      0.000000103
      4.165000000      0.000000104
      4.170000000      0.000000105
      4.175000000      0.000000106
      4.180000000      0.000000107
      4.185000000      0.000000108
      4.190000000      0.000000109
      4.195000000      0.000000110
      4.200000000      0.000000110
      4.205000000      0.000000111
      4.210000000      0.000000113
      4.215000000      0.000000114
      4.220000000      0.000000115
      4.225000000      0.000000116
      4.230000000      0.000000117
      4.235000000      0.000000118
      4.240000000      0.000000119
      4.245000000      0.000000120
      4.250000000      0.000000121
      4.255000000      0.000000122
      4.260000000      0.000000123
      4.265000000      0.000000124
      4.270000000      0.000000126
      4.275000000      0.000000127
      4.280000000      0.000000128
      4.285000000      0.000000129
      4.290000000      0.000000130
      4.295000000      0.000000132
      4.300000000      0.000000133
      4.305000000      0.000000134
      4.310000000      0.000000135
      4.315000000      0.000000137
      4.320000000      0.000000138
      4.325000000      0.000000139
      4.330000000      0.000000140
      4.335000000      0.000000142
      4.340000000      0.000000143
      4.345000000      0.000000144
      4.350000000      0.000000146
      4.355000000      0.000000147
      4.360000000      0.000000149
      4.365000000      0.000000150
      4.370000000      0.000000151
      4.375000000      0.000000153
      4.380000000      0.000000154
      4.385000000      0.000000156
      4.390000000      0.000000157
      4.395000000      0.000000159
      4.400000000      0.000000160
      4.405000000      0.000000162
      4.410000000      0.000000163
      4.415000000      0.000000165
      4.420000000      0.000000167
      4.425000000      0.000000168
      4.430000000      0.000000170
      4.435000000      0.000000171
      4.440000000      0.000000173
      4.445000000      0.000000175
      4.450000000      0.000000176
      4.455000000      0.000000178
      4.460000000      0.000000180
      4.465000000      0.000000182
      4.470000000      0.000000183
      4.475000000      0.000000185
      4.480000000      0.000000187
      4.485000000      0.000000189
      4.490000000      0.000000191
      4.495000000      0.000000192
      4.500000000      0.000000194
      4.505000000      0.000000196
      4.510000000      0.000000198
      4.515000000      0.000000200
      4.520000000      0.000000202
      4.525000000      0.000000204
      4.530000000      0.000000206
      4.535000000      0.000000208
      4.540000000      0.000000210
      4.545000000      0.000000212
      4.550000000      0.000000214
      4.555000000      0.000000216
      4.560000000      0.000000218
      4.565000000      0.000000220
      4.570000000      0.000000223
      4.575000000      0.000000225
      4.580000000      0.000000227
      4.585000000      0.000000229
      4.590000000      0.000000231
      4.595000000      0.000000234
      4.600000000      0.000000236
      4.605000000      0.000000238
      4.610000000      0.000000241
      4.615000000      0.000000243
      4.620000000      0.000000245
      4.625000000      0.000000248
      4.630000000      0.000000250
      4.635000000      0.000000253
      4.640000000      0.000000255
      4.645000000      0.000000258
      4.650000000      0.000000260
      4.655000000      0.000000263
      4.660000000      0.000000265
      4.665000000      0.000000268
      4.670000000      0.000000270
      4.675000000      0.000000273
      4.680000000      0.000000276
      4.685000000      0.000000278
      4.690000000      0.000000281
      4.695000000      0.000000284
      4.700000000      0.000000287
      4.705000000      0.000000289
      4.710000000      0.000000292
      4.715000000      0.000000295
      4.720000000      0.000000298
      4.725000000      0.000000301
      4.730000000      0.000000304
      4.735000000      0.000000307
      4.740000000      0.000000310
      4.745000000      0.000000313
      4.750000000      0.000000316
      4.755000000      0.000000319
      4.760000000      0.000000322
      4.765000000      0.000000325
      4.770000000      0.000000329
      4.775000000      0.000000332
      4.780000000      0.000000335
      4.785000000      0.000000338
      4.790000000      0.000000342
      4.795000000      0.000000345
      4.800000000      0.000000348
      4.805000000      0.000000352
      4.810000000      0.000000355
      4.815000000      0.000000359
      4.820000000      0.000000362
      4.825000000      0.000000366
      4.830000000      0.000000370
      4.835000000      0.000000373
      4.840000000      0.000000377
      4.845000000      0.000000381
      4.850000000      0.000000384
      4.855000000      0.000000388
      4.860000000      0.000000392
      4.865000000      0.000000396
      4.870000000      0.000000400
      4.875000000      0.000000404
      4.880000000      0.000000408
      4.885000000      0.000000412
      4.890000000      0.000000416
      4.895000000      0.000000420
      4.900000000      0.000000425
      4.905000000      0.000000429
      4.910000000      0.000000433
      4.915000000      0.000000437
      4.920000000      0.000000442
      4.925000000      0.000000446
      4.930000000      0.000000451
      4.935000000      0.000000455
      4.940000000      0.000000459
      4.945000000      0.000000464
      4.950000000      0.000000469
      4.955000000      0.000000473
      4.960000000      0.000000478
      4.965000000      0.000000483
      4.970000000      0.000000488
      4.975000000      0.000000492
      4.980000000      0.000000497
      4.985000000      0.000000502
      4.990000000      0.000000507
      4.995000000      0.000000512
      5.000000000      0.000000517
      5.005000000      0.000000522
      5.010000000      0.000000528
      5.015000000      0.000000533
      5.020000000      0.000000538
      5.025000000      0.000000543
      5.030000000      0.000000549
      5.035000000      0.000000554
      5.040000000      0.000000560
      5.045000000      0.000000565
      5.050000000      0.000000571
      5.055000000      0.000000576
      5.060000000      0.000000582
      5.065000000      0.000000588
      5.070000000      0.000000594
      5.075000000      0.000000600
      5.080000000      0.000000605
      5.085000000      0.000000611
      5.090000000      0.000000617
      5.095000000      0.000000624
      5.100000000      0.000000630
      5.105000000      0.000000636
      5.110000000      0.000000642
      5.115000000      0.000000649
      5.120000000      0.000000655
      5.125000000      0.000000661
      5.130000000      0.000000668
      5.135000000      0.000000674
      5.140000000      0.000000681
      5.145000000      0.000000688
      5.150000000      0.000000694
      5.155000000      0.000000701
      5.160000000      0.000000708
      5.165000000      0.000000715
      5.170000000      0.000000722
      5.175000000      0.000000729
      5.180000000      0.000000736
      5.185000000      0.000000744
      5.190000000      0.000000751
      5.195000000      0.000000758
      5.200000000      0.000000766
      5.205000000      0.000000773
      5.210000000      0.000000781
      5.215000000      0.000000788
      5.220000000      0.000000796
      5.225000000      0.000000804
      5.230000000      0.000000812
      5.235000000      0.000000820
      5.240000000      0.000000828
      5.245000000      0.000000836
      5.250000000      0.000000844
      5.255000000      0.000000852
      5.260000000      0.000000860
      5.265000000      0.000000869
      5.270000000      0.000000877
      5.275000000      0.000000886
      5.280000000      0.000000894
      5.285000000      0.000000903
      5.290000000      0.000000912
      5.295000000      0.000000921
      5.300000000      0.000000929
      5.305000000      0.000000938
      5.310000000      0.000000948
      5.315000000      0.000000957
      5.320000000      0.000000966
      5.325000000      0.000000975
      5.330000000      0.000000985
      5.335000000      0.000000994
      5.340000000      0.000001004
      5.345000000      0.000001014
      5.350000000      0.000001023
      5.355000000      0.000001033
      5.360000000      0.000001043
      5.365000000      0.000001053
      5.370000000      0.000001064
      5.375000000      0.000001074
      5.380000000      0.000001084
      5.385000000      0.000001095
      5.390000000      0.000001105
      5.395000000      0.000001116
      5.400000000      0.000001127
      5.405000000      0.000001137
      5.410000000      0.000001148
      5.415000000      0.000001159
      5.420000000      0.000001170
      5.425000000      0.000001182
      5.430000000      0.000001193
      5.435000000      0.000001204
      5.440000000      0.000001216
      5.445000000      0.000001228
      5.450000000      0.000001239
      5.455000000      0.000001251
      5.460000000      0.000001263
      5.465000000      0.000001275
      5.470000000      0.000001287
      5.475000000      0.000001300
      5.480000000      0.000001312
      5.485000000      0.000001325
      5.490000000      0.000001337
      5.495000000      0.000001350
      5.500000000      0.000001363
      5.505000000      0.000001376
      5.510000000      0.000001389
      5.515000000      0.000001402
      5.520000000      0.000001415
      5.525000000      0.000001429
      5.530000000      0.000001442
      5.535000000      0.000001456
      5.540000000      0.000001470
      5.545000000      0.000001484
      5.550000000      0.000001498
      5.555000000      0.000001512
      5.560000000      0.000001526
      5.565000000      0.000001541
      5.570000000      0.000001555
      5.575000000      0.000001570
      5.580000000      0.000001585
      5.585000000      0.000001600
      5.590000000      0.000001615
      5.595000000      0.000001630
      5.600000000      0.000001646
      5.605000000      0.000001661
      5.610000000      0.000001677
      5.615000000      0.000001693
      5.620000000      0.000001709
      5.625000000      0.000001725
      5.630000000      0.000001741
      5.635000000      0.000001757
      5.640000000      0.000001774
      5.645000000      0.000001790
      5.650000000      0.000001807
      5.655000000      0.000001824
      5.660000000      0.000001841
      5.665000000      0.000001858
      5.670000000      0.000001876
      5.675000000      0.000001893
      5.680000000      0.000001911
      5.685000000      0.000001929
      5.690000000      0.000001947
      5.695000000      0.000001965
      5.700000000      0.000001983
      5.705000000      0.000002002
      5.710000000      0.000002020
      5.715000000      0.000002039
      5.720000000      0.000002058
      5.725000000      0.000002077
      5.730000000      0.000002097
      5.735000000      0.000002116
      5.740000000      0.000002136
      5.745000000      0.000002155
      5.750000000      0.000002175
      5.755000000      0.000002196
      5.760000000      0.000002216
      5.765000000      0.000002236
      5.770000000      0.000002257
      5.775000000      0.000002278
      5.780000000      0.000002299
      5.785000000      0.000002320
      5.790000000      0.000002342
      5.795000000      0.000002363
      5.800000000      0.000002385
      5.805000000      0.000002407
      5.810000000      0.000002429
      5.815000000      0.000002452
      5.820000000      0.000002474
      5.825000000      0.000002497
      5.830000000      0.000002520
      5.835000000      0.000002543
      5.840000000      0.000002566
      5.845000000      0.000002590
      5.850000000      0.000002613
      5.855000000      0.000002637
      5.860000000      0.000002661
      5.865000000      0.000002686
      5.870000000      0.000002710
      5.875000000      0.000002735
      5.880000000      0.000002760
      5.885000000      0.000002785
      5.890000000      0.000002811
      5.895000000      0.000002836
      5.900000000      0.000002862
      5.905000000      0.000002888
      5.910000000      0.000002914
      5.915000000      0.000002941
      5.920000000      0.000002968
      5.925000000      0.000002995
      5.930000000      0.000003022
      5.935000000      0.000003049
      5.940000000      0.000003077
      5.945000000      0.000003105
      5.950000000      0.000003133
      5.955000000      0.000003161
      5.960000000      0.000003190
      5.965000000      0.000003219
      5.970000000      0.000003248
      5.975000000      0.000003277
      5.980000000      0.000003307
      5.985000000      0.000003336
      5.990000000      0.000003366
      5.995000000      0.000003397
      6.000000000      0.000003427
      6.005000000      0.000003458
      6.010000000      0.000003489
      6.015000000      0.000003521
      6.020000000      0.000003552
      6.025000000      0.000003584
      6.030000000      0.000003616
      6.035000000      0.000003649
      6.040000000      0.000003681
      6.045000000      0.000003714
      6.050000000      0.000003747
      6.055000000      0.000003781
      6.060000000      0.000003815
      6.065000000      0.000003849
      6.070000000      0.000003883
      6.075000000      0.000003918
      6.080000000      0.000003952
      6.085000000      0.000003988
      6.090000000      0.000004023
      6.095000000      0.000004059
      6.100000000      0.000004095
      6.105000000      0.000004131
      6.110000000      0.000004168
      6.115000000      0.000004205
      6.120000000      0.000004242
      6.125000000      0.000004280
      6.130000000      0.000004318
      6.135000000      0.000004356
      6.140000000      0.000004394
      6.145000000      0.000004433
      6.150000000      0.000004472
      6.155000000      0.000004512
      6.160000000      0.000004552
      6.165000000      0.000004592
      6.170000000      0.000004633
      6.175000000      0.000004674
      6.180000000      0.000004715
      6.185000000      0.000004757
      6.190000000      0.000004799
      6.195000000      0.000004842
      6.200000000      0.000004886
      6.205000000      0.000004930
      6.210000000      0.000004975
      6.215000000      0.000005020
      6.220000000      0.000005066
      6.225000000      0.000005113
      6.230000000      0.000005161
      6.235000000      0.000005210
      6.240000000      0.000005260
      6.245000000      0.000005311
      6.250000000      0.000005363
      6.255000000      0.000005416
      6.260000000      0.000005471
      6.265000000      0.000005527
      6.270000000      0.000005585
      6.275000000      0.000005645
      6.280000000      0.000005706
      6.285000000      0.000005770
      6.290000000      0.000005836
      6.295000000      0.000005905
      6.300000000      0.000005977
      6.305000000      0.000006052
      6.310000000      0.000006131
      6.315000000      0.000006214
      6.320000000      0.000006301
      6.325000000      0.000006393
      6.330000000      0.000006490
      6.335000000      0.000006592
      6.340000000      0.000006699
      6.345000000      0.000006812
      6.350000000      0.000006932
      6.355000000      0.000007058
      6.360000000      0.000007191
      6.365000000      0.000007332
      6.370000000      0.000007480
      6.375000000      0.000007637
      6.380000000      0.000007803
      6.385000000      0.000007978
      6.390000000      0.000008163
      6.395000000      0.000008359
      6.400000000      0.000008565
      6.405000000      0.000008783
      6.410000000      0.000009013
      6.415000000      0.000009255
      6.420000000      0.000009512
      6.425000000      0.000009782
      6.430000000      0.000010067
      6.435000000      0.000010368
      6.440000000      0.000010685
      6.445000000      0.000011019
      6.450000000      0.000011371
      6.455000000      0.000011742
      6.460000000      0.000012132
      6.465000000      0.000012543
      6.470000000      0.000012975
      6.475000000      0.000013430
      6.480000000      0.000013907
      6.485000000      0.000014408
      6.490000000      0.000014934
      6.495000000      0.000015486
      6.500000000      0.000016065
      6.505000000      0.000016673
      6.510000000      0.000017310
      6.515000000      0.000017979
      6.520000000      0.000018679
      6.525000000      0.000019413
      6.530000000      0.000020181
      6.535000000      0.000020986
      6.540000000      0.000021829
      6.545000000      0.000022712
      6.550000000      0.000023635
      6.555000000      0.000024601
      6.560000000      0.000025611
      6.565000000      0.000026668
      6.570000000      0.000027772
      6.575000000      0.000028926
      6.580000000      0.000030133
      6.585000000      0.000031393
      6.590000000      0.000032709
      6.595000000      0.000034084
      6.600000000      0.000035519
      6.605000000      0.000037016
      6.610000000      0.000038578
      6.615000000      0.000040207
      6.620000000      0.000041907
      6.625000000      0.000043679
      6.630000000      0.000045527
      6.635000000      0.000047452
      6.640000000      0.000049459
      6.645000000      0.000051550
      6.650000000      0.000053728
      6.655000000      0.000055996
      6.660000000      0.000058358
      6.665000000      0.000060816
      6.670000000      0.000063375
      6.675000000      0.000066037
      6.680000000      0.000068807
      6.685000000      0.000071688
      6.690000000      0.000074684
      6.695000000      0.000077799
      6.700000000      0.000081037
      6.705000000      0.000084403
      6.710000000      0.000087899
      6.715000000      0.000091532
      6.720000000      0.000095305
      6.725000000      0.000099224
      6.730000000      0.000103294
      6.735000000      0.000107519
      6.740000000      0.000111905
      6.745000000      0.000116457
      6.750000000      0.000121180
      6.755000000      0.000126080
      6.760000000      0.000131163
      6.765000000      0.000136435
      6.770000000      0.000141901
      6.775000000      0.000147568
      6.780000000      0.000153443
      6.785000000      0.000159532
      6.790000000      0.000165841
      6.795000000      0.000172377
      6.800000000      0.000179147
      6.805000000      0.000186157
      6.810000000      0.000193416
      6.815000000      0.000200932
      6.820000000      0.000208712
      6.825000000      0.000216765
      6.830000000      0.000225098
      6.835000000      0.000233721
      6.840000000      0.000242642
      6.845000000      0.000251870
      6.850000000      0.000261413
      6.855000000      0.000271280
      6.860000000      0.000281482
      6.865000000      0.000292028
      6.870000000      0.000302928
      6.875000000      0.000314191
      6.880000000      0.000325829
      6.885000000      0.000337851
      6.890000000      0.000350270
      6.895000000      0.000363095
      6.900000000      0.000376339
      6.905000000      0.000390011
      6.910000000      0.000404125
      6.915000000      0.000418691
      6.920000000      0.000433723
      6.925000000      0.000449232
      6.930000000      0.000465232
      6.935000000      0.000481736
      6.940000000      0.000498755
      6.945000000      0.000516306
      6.950000000      0.000534400
      6.955000000      0.000553052
      6.960000000      0.000572276
      6.965000000      0.000592088
      6.970000000      0.000612503
      6.975000000      0.000633536
      6.980000000      0.000655203
      6.985000000      0.000677518
      6.990000000      0.000700495
      6.995000000      0.000724148
      7.000000000      0.000748495
      7.005000000      0.000773553
      7.010000000      0.000799340
      7.015000000      0.000825875
      7.020000000      0.000853176
      7.025000000      0.000881259
      7.030000000      0.000910144
      7.035000000      0.000939849
      7.040000000      0.000970392
      7.045000000      0.001001793
      7.050000000      0.001034070
      7.055000000      0.001067243
      7.060000000      0.001101332
      7.065000000      0.001136352
      7.070000000      0.001172307
      7.075000000      0.001209187
      7.080000000      0.001246987
      7.085000000      0.001285697
      7.090000000      0.001325309
      7.095000000      0.001365815
      7.100000000      0.001407206
      7.105000000      0.001449472
      7.110000000      0.001492605
      7.115000000      0.001536593
      7.120000000      0.001581427
      7.125000000      0.001627098
      7.130000000      0.001673592
      7.135000000      0.001720901
      7.140000000      0.001769011
      7.145000000      0.001817913
      7.150000000      0.001867592
      7.155000000      0.001918038
      7.160000000      0.001969238
      7.165000000      0.002021181
      7.170000000      0.002073855
      7.175000000      0.002127246
      7.180000000      0.002181337
      7.185000000      0.002236109
      7.190000000      0.002291543
      7.195000000      0.002347626
      7.200000000      0.002404340
      7.205000000      0.002461670
      7.210000000      0.002519606
      7.215000000      0.002578132
      7.220000000      0.002637230
      7.225000000      0.002696883
      7.230000000      0.002757073
      7.235000000      0.002817783
      7.240000000      0.002878996
      7.245000000      0.002940712
      7.250000000      0.003002938
      7.255000000      0.003065683
      7.260000000      0.003128955
      7.265000000      0.003192761
      7.270000000      0.003257110
      7.275000000      0.003322009
      7.280000000      0.003387466
      7.285000000      0.003453488
      7.290000000      0.003520083
      7.295000000      0.003587259
      7.300000000      0.003655023
      7.305000000      0.003723381
      7.310000000      0.003792338
      7.315000000      0.003861900
      7.320000000      0.003932069
      7.325000000      0.004002850
      7.330000000      0.004074242
      7.335000000      0.004146248
      7.340000000      0.004218869
      7.345000000      0.004292101
      7.350000000      0.004365941
      7.355000000      0.004440381
      7.360000000      0.004515418
      7.365000000      0.004591037
      7.370000000      0.004667224
      7.375000000      0.004743959
      7.380000000      0.004821212
      7.385000000      0.004898931
      7.390000000      0.004977072
      7.395000000      0.005055584
      7.400000000      0.005134411
      7.405000000      0.005213496
      7.410000000      0.005292758
      7.415000000      0.005372111
      7.420000000      0.005451465
      7.425000000      0.005530718
      7.430000000      0.005609762
      7.435000000      0.005688475
      7.440000000      0.005766717
      7.445000000      0.005844339
      7.450000000      0.005921177
      7.455000000      0.005997056
      7.460000000      0.006071794
      7.465000000      0.006145195
      7.470000000      0.006217049
      7.475000000      0.006287143
      7.480000000      0.006355258
      7.485000000      0.006421176
      7.490000000      0.006484676
      7.495000000      0.006545544
      7.500000000      0.006603573
      7.505000000      0.006658563
      7.510000000      0.006710325
      7.515000000      0.006758681
      7.520000000      0.006803468
      7.525000000      0.006844538
      7.530000000      0.006881755
      7.535000000      0.006915000
      7.540000000      0.006944160
      7.545000000      0.006969143
      7.550000000      0.006989873
      7.555000000      0.007006286
      7.560000000      0.007018350
      7.565000000      0.007026033
      7.570000000      0.007029315
      7.575000000      0.007028197
      7.580000000      0.007022648
      7.585000000      0.007012706
      7.590000000      0.006998408
      7.595000000      0.006979793
      7.600000000      0.006956949
      7.605000000      0.006929931
      7.610000000      0.006898826
      7.615000000      0.006863732
      7.620000000      0.006824764
      7.625000000      0.006782044
      7.630000000      0.006735719
      7.635000000      0.006685938
      7.640000000      0.006632873
      7.645000000      0.006576703
      7.650000000      0.006517617
      7.655000000      0.006455810
      7.660000000      0.006391478
      7.665000000      0.006324819
      7.670000000      0.006256029
      7.675000000      0.006185297
      7.680000000      0.006112806
      7.685000000      0.006038732
      7.690000000      0.005963236
      7.695000000      0.005886474
      7.700000000      0.005808584
      7.705000000      0.005729699
      7.710000000      0.005649935
      7.715000000      0.005569409
      7.720000000      0.005488217
      7.725000000      0.005406446
      7.730000000      0.005324177
      7.735000000      0.005241482
      7.740000000      0.005158426
      7.745000000      0.005075069
      7.750000000      0.004991460
      7.755000000      0.004907676
      7.760000000      0.004823754
      7.765000000      0.004739733
      7.770000000      0.004655655
      7.775000000      0.004571513
      7.780000000      0.004487359
      7.785000000      0.004403230
      7.790000000      0.004319155
      7.795000000      0.004235183
      7.800000000      0.004151343
      7.805000000      0.004067662
      7.810000000      0.003984162
      7.815000000      0.003900869
      7.820000000      0.003817804
      7.825000000      0.003734991
      7.830000000      0.003652452
      7.835000000      0.003570207
      7.840000000      0.003488278
      7.845000000      0.003406686
      7.850000000      0.003325451
      7.855000000      0.003244594
      7.860000000      0.003164133
      7.865000000      0.003084089
      7.870000000      0.003004475
      7.875000000      0.002925313
      7.880000000      0.002846624
      7.885000000      0.002768427
      7.890000000      0.002690742
      7.895000000      0.002613589
      7.900000000      0.002536987
      7.905000000      0.002460957
      7.910000000      0.002385517
      7.915000000      0.002310687
      7.920000000      0.002236487
      7.925000000      0.002162937
      7.930000000      0.002090057
      7.935000000      0.002017864
      7.940000000      0.001946379
      7.945000000      0.001875629
      7.950000000      0.001805652
      7.955000000      0.001736462
      7.960000000      0.001668080
      7.965000000      0.001600533
      7.970000000      0.001533823
      7.975000000      0.001467988
      7.980000000      0.001403053
      7.985000000      0.001339050
      7.990000000      0.001276017
      7.995000000      0.001213984
      8.000000000      0.001152987
      8.005000000      0.001093064
      8.010000000      0.001034257
      8.015000000      0.000976617
      8.020000000      0.000920202
      8.025000000      0.000865078
      8.030000000      0.000803918
      8.035000000      0.000744034
      8.040000000      0.000685492
      8.045000000      0.000628341
      8.050000000      0.000572636
      8.055000000      0.000518442
      8.060000000      0.000465829
      8.065000000      0.000414877
      8.070000000      0.000365698
      8.075000000      0.000318388
      8.080000000      0.000273056
      8.085000000      0.000229839
      8.090000000      0.000188920
      8.095000000      0.000150488
      8.100000000      0.000114759
      8.105000000      0.000082140
      8.110000000      0.000053212
