       1     331        0.0
      0.000000000      0.000000000      0.210000000      0.039597980
      0.100000000      0.000079844      0.209113178      0.039122530
      0.200000000      0.000159821      0.208239821      0.038670461
      0.300000000      0.000246838      0.207366838      0.038223531
      0.400000000      0.000323442      0.206503442      0.037792879
      0.500000000      0.000422432      0.205642432      0.037377774
      0.600000000      0.000508881      0.204788881      0.036977129
      0.700000000      0.000614283      0.203934283      0.036590385
      0.800000000      0.000706732      0.203086732      0.036215940
      0.900000000      0.000817907      0.202237907      0.035853385
      1.000000000      0.000915447      0.201395447      0.035502162
      1.100000000      0.001030947      0.200550947      0.035161798
      1.200000000      0.001132305      0.199712305      0.034831403
      1.300000000      0.001250808      0.198870808      0.034511193
      1.400000000      0.001354302      0.198034302      0.034200273
      1.500000000      0.001474618      0.197194618      0.033898036
      1.600000000      0.001579782      0.196359782      0.033603798
      1.700000000      0.001701406      0.195521406      0.033317439
      1.800000000      0.001803474      0.194683474      0.033038428
      1.900000000      0.001921782      0.193841782      0.032766526
      2.000000000      0.002040293      0.193000293      0.032501222
      2.100000000      0.002154702      0.192154702      0.032242318
      2.200000000      0.002268995      0.191308995      0.031989346
      2.300000000      0.002387162      0.190467162      0.031741890
      2.400000000      0.002504984      0.189624984      0.031499843
      2.500000000      0.002606456      0.188786456      0.031262821
      2.600000000      0.002727503      0.187947503      0.031030748
      2.700000000      0.002832139      0.187112139      0.030803267
      2.800000000      0.002952092      0.186272092      0.030580450
      2.900000000      0.003055493      0.185435493      0.030361801
      3.000000000      0.003174119      0.184594119      0.030147414
      3.100000000      0.003276078      0.183756078      0.029936816
      3.200000000      0.003393150      0.182913150      0.029730121
      3.300000000      0.003493511      0.182073511      0.029526874
      3.400000000      0.003608955      0.181228955      0.029327204
      3.500000000      0.003707602      0.180387602      0.029130676
      3.600000000      0.003821263      0.179541263      0.028937434
      3.700000000      0.003918103      0.178698103      0.028747057
      3.800000000      0.004029906      0.177849906      0.028559701
      3.900000000      0.004120751      0.177000751      0.028375089
      4.000000000      0.004226580      0.176146580      0.028193230
      4.100000000      0.004331477      0.175291477      0.028013861
      4.200000000      0.004431333      0.174431333      0.027837004
      4.300000000      0.004530241      0.173570241      0.027662407
      4.400000000      0.004632291      0.172712291      0.027489848
      4.500000000      0.004733373      0.171853373      0.027319392
      4.600000000      0.004817567      0.170997567      0.027150825
      4.700000000      0.004920822      0.170140822      0.026984217
      4.800000000      0.005007224      0.169287224      0.026819361
      4.900000000      0.005108589      0.168428589      0.026656461
      5.000000000      0.005193101      0.167573101      0.026495162
      5.100000000      0.005292611      0.166712611      0.026335673
      5.200000000      0.005375276      0.165855276      0.026177647
      5.300000000      0.005472939      0.164992939      0.026021297
      5.400000000      0.005553886      0.164133886      0.025866285
      5.500000000      0.005649890      0.163269890      0.025712827
      5.600000000      0.005729184      0.162409184      0.025560589
      5.700000000      0.005823624      0.161543624      0.025409798
      5.800000000      0.005901397      0.160681397      0.025260118
      5.900000000      0.005994260      0.159814260      0.025111778
      6.000000000      0.006054084      0.158934084      0.024964957
      6.100000000      0.006100482      0.158020482      0.024820165
      6.200000000      0.006165387      0.157065387      0.024677408
      6.300000000      0.006248502      0.156048502      0.024537032
      6.400000000      0.006317751      0.154957751      0.024399008
      6.500000000      0.006405630      0.153805630      0.024262473
      6.600000000      0.006528654      0.152608654      0.024126519
      6.700000000      0.006619378      0.151379378      0.023990478
      6.800000000      0.006694487      0.150134487      0.023853632
      6.900000000      0.006774673      0.148894673      0.023715248
      7.000000000      0.006860160      0.147660160      0.023575374
      7.100000000      0.006931044      0.146431044      0.023434067
      7.200000000      0.007007143      0.145207143      0.023291388
      7.300000000      0.007084053      0.143984053      0.023147537
      7.400000000      0.007157417      0.142757417      0.023002676
      7.500000000      0.007246994      0.141526994      0.022856806
      7.600000000      0.007332610      0.140292610      0.022709924
      7.700000000      0.007414232      0.139054232      0.022562021
      7.800000000      0.007500081      0.137820081      0.022412823
      7.900000000      0.007590185      0.136590185      0.022262379
      8.000000000      0.007664567      0.135364567      0.022110742
      8.100000000      0.007743262      0.134143262      0.021957960
      8.200000000      0.007826302      0.132926302      0.021804084
      8.300000000      0.007905542      0.131705542      0.021649430
      8.400000000      0.007981022      0.130481022      0.021493981
      8.500000000      0.008072784      0.129252784      0.021337720
      8.600000000      0.008160866      0.128020866      0.021180631
      8.700000000      0.008245310      0.126785310      0.021022699
      8.800000000      0.008334329      0.125554329      0.020863639
      8.900000000      0.008427926      0.124327926      0.020703508
      9.000000000      0.008506103      0.123106103      0.020542360
      9.100000000      0.008588865      0.121888865      0.020380251
      9.200000000      0.008672124      0.120672124      0.020217369
      9.300000000      0.008751802      0.119451802      0.020053865
      9.400000000      0.008847933      0.118227933      0.019889716
      9.500000000      0.008940550      0.117000550      0.019724901
      9.600000000      0.009029680      0.115769680      0.019559398
      9.700000000      0.009123522      0.114543522      0.019392913
      9.800000000      0.009222075      0.113322075      0.019225505
      9.900000000      0.009305333      0.112105333      0.019057229
     10.000000000      0.009393294      0.110893294      0.018888143
     10.100000000      0.009481868      0.109681868      0.018718438
     10.200000000      0.009566962      0.108466962      0.018548264
     10.300000000      0.009668588      0.107248588      0.018377592
     10.400000000      0.009766765      0.106026765      0.018206392
     10.500000000      0.009861507      0.104801507      0.018034636
     10.600000000      0.009961009      0.103581009      0.017862017
     10.700000000      0.010065269      0.102365269      0.017688595
     10.800000000      0.010154280      0.101154280      0.017514428
     10.900000000      0.010248026      0.099948026      0.017339573
     11.000000000      0.010342398      0.098742398      0.017164227
     11.100000000      0.010433304      0.097533304      0.016988535
     11.200000000      0.010540761      0.096320761      0.016812458
     11.300000000      0.010644794      0.095104794      0.016635956
     11.400000000      0.010745431      0.093885431      0.016458994
     11.500000000      0.010850870      0.092670870      0.016281250
     11.600000000      0.010961087      0.091461087      0.016102790
     11.700000000      0.011056062      0.090256062      0.015923672
     11.800000000      0.011155768      0.089055768      0.015743956
     11.900000000      0.011256080      0.087856080      0.015563840
     12.000000000      0.011352911      0.086652911      0.015383467
     12.100000000      0.011466289      0.085446289      0.015202785
     12.200000000      0.011576236      0.084236236      0.015021745
     12.300000000      0.011682776      0.083022776      0.014840301
     12.400000000      0.011794127      0.081814127      0.014658119
     12.500000000      0.011910270      0.080610270      0.014475267
     12.600000000      0.012011190      0.079411190      0.014291807
     12.700000000      0.012116871      0.078216871      0.014107801
     12.800000000      0.012227280      0.077027280      0.013923304
     12.900000000      0.012334181      0.075834181      0.013738663
     13.000000000      0.012437600      0.074637600      0.013553809
     13.100000000      0.012557558      0.073437558      0.013368679
     13.200000000      0.012674077      0.072234077      0.013183211
     13.300000000      0.012787200      0.071027200      0.012997346
     13.400000000      0.012905173      0.069825173      0.012810735
     13.500000000      0.013027976      0.068627976      0.012623452
     13.600000000      0.013135586      0.067435586      0.012435568
     13.700000000      0.013247977      0.066247977      0.012247148
     13.800000000      0.013361020      0.065061020      0.012058399
     13.900000000      0.013470624      0.063870624      0.011869454
     14.000000000      0.013596835      0.062676835      0.011680233
     14.100000000      0.013719683      0.061479683      0.011490661
     14.200000000      0.013839200      0.060279200      0.011300667
     14.300000000      0.013963644      0.059083644      0.011109888
     14.400000000      0.014092984      0.057892984      0.010918409
     14.500000000      0.014207189      0.056707189      0.010726305
     14.600000000      0.014326243      0.055526243      0.010533650
     14.700000000      0.014446020      0.054346020      0.010340656
     14.800000000      0.014562426      0.053162426      0.010147448
     14.900000000      0.014695512      0.051975512      0.009953925
     15.000000000      0.014825337      0.050785337      0.009759995
     15.100000000      0.014951961      0.049591961      0.009565567
     15.200000000      0.015083674      0.048403674      0.009370264
     15.300000000      0.015220461      0.047220461      0.009174184
     15.400000000      0.015342282      0.046042282      0.008977417
     15.500000000      0.015469095      0.044869095      0.008780045
     15.600000000      0.015596760      0.043696760      0.008582288
     15.700000000      0.015721185      0.042521185      0.008384256
     15.800000000      0.015862438      0.041342438      0.008185821
     15.900000000      0.016000619      0.040160619      0.007986861
     16.000000000      0.016135834      0.038975834      0.007787261
     16.100000000      0.016276400      0.037796400      0.007586626
     16.200000000      0.016422294      0.036622294      0.007385075
     16.300000000      0.016553488      0.035453488      0.007182717
     16.400000000      0.016689946      0.034289946      0.006979644
     16.500000000      0.016827532      0.033127532      0.006776080
     16.600000000      0.016962190      0.031962190      0.006572109
     16.700000000      0.017114032      0.030794032      0.006367555
     16.800000000      0.017263187      0.029623187      0.006162251
     16.900000000      0.017409816      0.028449816      0.005956044
     17.000000000      0.017562296      0.027282296      0.005748511
     17.100000000      0.017720606      0.026120606      0.005539806
     17.200000000      0.017864738      0.024964738      0.005330058
     17.300000000      0.018014673      0.023814673      0.005119375
     17.400000000      0.018170388      0.022670388      0.004907840
     17.500000000      0.018323654      0.021523654      0.004695778
     17.600000000      0.018474725      0.020374725      0.004772611
     17.700000000      0.018691568      0.019271568      0.004857486
     17.800000000      0.018956753      0.018216753      0.004951450
     17.900000000      0.019272755      0.017212755      0.005055410
     18.000000000      0.019648987      0.016268987      0.005170110
     18.100000000      0.020087399      0.015387399      0.005006795
     18.200000000      0.020522180      0.014522180      0.004846861
     18.300000000      0.020972861      0.013672861      0.004689698
     18.400000000      0.021436241      0.012836241      0.004534660
     18.500000000      0.021909299      0.012009299      0.004380949
     18.600000000      0.022412243      0.011192243      0.004227800
     18.700000000      0.022925376      0.010385376      0.004074502
     18.800000000      0.023449223      0.009589223      0.003920536
     18.900000000      0.023989128      0.008809128      0.003766427
     19.000000000      0.024544102      0.008044102      0.003613494
     19.100000000      0.025094997      0.007294997      0.003461041
     19.200000000      0.026610141      0.007510141      0.003841056
     19.300000000      0.028205342      0.007805342      0.004239940
     19.400000000      0.029878405      0.008178405      0.004657095
     19.500000000      0.031650315      0.008630315      0.005091320
     19.600000000      0.033500067      0.009160067      0.005543495
     19.700000000      0.034479031      0.008819031      0.005481891
     19.800000000      0.035471716      0.008491716      0.005420487
     19.900000000      0.036477570      0.008177570      0.005359220
     20.000000000      0.037476061      0.007876061      0.005298049
     20.100000000      0.038486679      0.007586679      0.005236945
     20.200000000      0.039508158      0.007308158      0.005175708
     20.300000000      0.040539185      0.007039185      0.005114145
     20.400000000      0.041599430      0.006779430      0.005052263
     20.500000000      0.042668577      0.006528577      0.004990075
     20.600000000      0.043746319      0.006286319      0.004927599
     20.700000000      0.044833779      0.006053779      0.004865238
     20.800000000      0.045930566      0.005830566      0.004803019
     20.900000000      0.047016304      0.005616304      0.004740973
     21.000000000      0.048110633      0.005410633      0.004679131
     21.100000000      0.049212657      0.005212657      0.004617339
     21.200000000      0.050321442      0.005021442      0.004555440
     21.300000000      0.051456758      0.004836758      0.004493470
     21.400000000      0.052598380      0.004658380      0.004431464
     21.500000000      0.053746091      0.004486091      0.004369456
     21.600000000      0.054900693      0.004320693      0.004307856
     21.700000000      0.056061908      0.004161908      0.004246693
     21.800000000      0.057209471      0.004009471      0.004185999
     21.900000000      0.058363128      0.003863128      0.004125800
     22.000000000      0.059522635      0.003722635      0.004066124
     22.100000000      0.060686921      0.003586921      0.004006630
     22.200000000      0.061855825      0.003455825      0.003947347
     22.300000000      0.063049187      0.003329187      0.003888301
     22.400000000      0.064246857      0.003206857      0.003829519
     22.500000000      0.065448686      0.003088686      0.003771025
     22.600000000      0.066655225      0.002975225      0.003713193
     22.700000000      0.067866286      0.002866286      0.003656039
     22.800000000      0.069061687      0.002761687      0.003599577
     22.900000000      0.070261256      0.002661256      0.003543820
     23.000000000      0.071464555      0.002564555      0.003488614
     23.100000000      0.072671133      0.002471133      0.003433800
     23.200000000      0.073900876      0.002380876      0.003379395
     23.300000000      0.075133679      0.002293679      0.003325413
     23.400000000      0.076369435      0.002209435      0.003271866
     23.500000000      0.077608540      0.002128540      0.003219088
     23.600000000      0.078850858      0.002050858      0.003167084
     23.700000000      0.080076262      0.001976262      0.003115855
     23.800000000      0.081304629      0.001904629      0.003065403
     23.900000000      0.082535648      0.001835648      0.003015582
     24.000000000      0.083768998      0.001768998      0.002966240
     24.100000000      0.085024598      0.001704598      0.002917383
     24.200000000      0.086282373      0.001642373      0.002869018
     24.300000000      0.087542248      0.001582248      0.002821150
     24.400000000      0.088804506      0.001524506      0.002774070
     24.500000000      0.090069050      0.001469050      0.002727774
     24.600000000      0.091315791      0.001415791      0.002682258
     24.700000000      0.092564641      0.001364641      0.002637518
     24.800000000      0.093815379      0.001315379      0.002593416
     24.900000000      0.095067775      0.001267775      0.002549814
     25.000000000      0.096341772      0.001221772      0.002506712
     25.100000000      0.097617318      0.001177318      0.002464112
     25.200000000      0.098894359      0.001134359      0.002422013
     25.300000000      0.100173097      0.001093097      0.002380668
     25.400000000      0.101453464      0.001053464      0.002340069
     25.500000000      0.102715396      0.001015396      0.002300208
     25.600000000      0.103978831      0.000978831      0.002261075
     25.700000000      0.105243611      0.000943611      0.002222550
     25.800000000      0.106509573      0.000909573      0.002184505
     25.900000000      0.107796675      0.000876675      0.002146940
     26.000000000      0.109084881      0.000844881      0.002109853
     26.100000000      0.110374153      0.000814153      0.002073240
     26.200000000      0.111664634      0.000784634      0.002037318
     26.300000000      0.112956278      0.000756278      0.002002079
     26.400000000      0.114229038      0.000729038      0.001967511
     26.500000000      0.115502870      0.000702870      0.001933605
     26.600000000      0.116777732      0.000677732      0.001900352
     26.700000000      0.118053434      0.000653434      0.001867540
     26.800000000      0.119329948      0.000629948      0.001835166
     26.900000000      0.120627246      0.000607246      0.001803227
     27.000000000      0.121925302      0.000585302      0.001771719
     27.100000000      0.123224091      0.000564091      0.001740639
     27.200000000      0.124523713      0.000543713      0.001710168
     27.300000000      0.125824134      0.000524134      0.001680296
     27.400000000      0.127105323      0.000505323      0.001651014
     27.500000000      0.128387250      0.000487250      0.001622312
     27.600000000      0.129669838      0.000469838      0.001594096
     27.700000000      0.130953005      0.000453005      0.001566272
     27.800000000      0.132256733      0.000436733      0.001538835
     27.900000000      0.133561002      0.000421002      0.001511782
     28.000000000      0.134865794      0.000405794      0.001485108
     28.100000000      0.136171182      0.000391182      0.001458968
     28.200000000      0.137477141      0.000377141      0.001433354
     28.300000000      0.138763649      0.000363649      0.001408255
     28.400000000      0.140050685      0.000350685      0.001383663
     28.500000000      0.141338194      0.000338194      0.001359496
     28.600000000      0.142626116      0.000326116      0.001335673
     28.700000000      0.143934440      0.000314440      0.001312190
     28.800000000      0.145243150      0.000303150      0.001289043
     28.900000000      0.146552235      0.000292235      0.001266227
     29.000000000      0.147861745      0.000281745      0.001243874
     29.100000000      0.149171665      0.000271665      0.001221977
     29.200000000      0.150461978      0.000261978      0.001200527
     29.300000000      0.151752669      0.000252669      0.001179514
     29.400000000      0.153043697      0.000243697      0.001158871
     29.500000000      0.154335023      0.000235023      0.001138526
     29.600000000      0.155646634      0.000226634      0.001118475
     29.700000000      0.156958523      0.000218523      0.001098715
     29.800000000      0.158270681      0.000210681      0.001079242
     29.900000000      0.159583143      0.000203143      0.001060169
     30.000000000      0.160895898      0.000195898      0.001041487
     30.100000000      0.162188935      0.000188935      0.001023189
     30.200000000      0.163482243      0.000182243      0.001005268
     30.300000000      0.164775793      0.000175793      0.000987665
     30.400000000      0.166069555      0.000169555      0.000970318
     30.500000000      0.167383523      0.000163523      0.000953225
     30.600000000      0.168697689      0.000157689      0.000936382
     30.700000000      0.170012048      0.000152048      0.000919786
     30.800000000      0.171326625      0.000146625      0.000903532
     30.900000000      0.172641413      0.000141413      0.000887613
     31.000000000      0.173936403      0.000136403      0.000872024
     31.100000000      0.175231587      0.000131587      0.000856757
     31.200000000      0.176526957      0.000126957      0.000841806
     31.300000000      0.177822480      0.000122480      0.000827074
     31.400000000      0.179118149      0.000118149      0.000812559
     31.500000000      0.180433961      0.000113961      0.000798257
     31.600000000      0.181749910      0.000109910      0.000784165
     31.700000000      0.183065991      0.000105991      0.000770281
     31.800000000      0.184382225      0.000102225      0.000756684
     31.900000000      0.185698604      0.000098604      0.000743369
     32.000000000      0.186995122      0.000095122      0.000730330
     32.100000000      0.188291776      0.000091776      0.000717561
     32.200000000      0.189588549      0.000088549      0.000705021
     32.300000000      0.190885428      0.000085428      0.000692665
     32.400000000      0.192202410      0.000082410      0.000680491
     32.500000000      0.193519542      0.000079542      0.000668724
     32.600000000      0.194836555      0.000076555      0.000656193
     32.700000000      0.196023077      0.000073142      0.000641467
     32.800000000      0.197148897      0.000069196      0.000623899
     32.900000000      0.198597937      0.000065104      0.000605675
     33.000000000      0.200058155      0.000059653      0.000580439
