       1     153        0.0
     17.800000000      0.083891248      1.814357347      0.152208703
     17.900000000      0.081695482      1.790455452      0.146272122
     18.000000000      0.079574538      1.767061079      0.140613068
     18.100000000      0.077554739      1.744490740      0.135293523
     18.200000000      0.075382557      1.719887072      0.129649485
     18.300000000      0.073090013      1.693532436      0.123780308
     18.400000000      0.070657650      1.665114462      0.117653074
     18.500000000      0.068065077      1.634280764      0.111237446
     18.600000000      0.065337946      1.601206112      0.104619519
     18.700000000      0.062441395      1.565311581      0.097740239
     18.800000000      0.059373903      1.526378706      0.090627061
     18.900000000      0.056165035      1.484559190      0.083380319
     19.000000000      0.052806834      1.439493030      0.076015070
     19.100000000      0.049281493      1.390613463      0.068531508
     19.200000000      0.052204937      1.431265775      0.074719139
     19.300000000      0.055823625      1.480040215      0.082621210
     19.400000000      0.060174788      1.536638762      0.092466912
     19.500000000      0.065348786      1.601338927      0.104645555
     19.600000000      0.071372179      1.673512564      0.119442238
     19.700000000      0.070700795      1.665622766      0.117760854
     19.800000000      0.070036593      1.657780415      0.116105292
     19.900000000      0.069379642      1.649987018      0.114475509
     20.000000000      0.068700752      1.641894489      0.112799386
     20.100000000      0.068030046      1.633860150      0.111151580
     20.200000000      0.067360423      1.625799186      0.109514521
     20.300000000      0.066683340      1.617607569      0.107867475
     20.400000000      0.066026392      1.609619714      0.106277382
     20.500000000      0.065361078      1.601489531      0.104675083
     20.600000000      0.064687344      1.593214170      0.103060794
     20.700000000      0.064020132      1.584976334      0.101470394
     20.800000000      0.063359485      1.576777153      0.099903788
     20.900000000      0.062679800      1.568296954      0.098300539
     21.000000000      0.062007554      1.559864232      0.096723366
     21.100000000      0.061336281      1.551397972      0.095156982
     21.200000000      0.060658234      1.542799108      0.093583469
     21.300000000      0.059997428      1.534372532      0.092058405
     21.400000000      0.059328999      1.525801405      0.090524270
     21.500000000      0.058652923      1.517082952      0.088981349
     21.600000000      0.057982710      1.508390379      0.087460562
     21.700000000      0.057318378      1.499724362      0.085961768
     21.800000000      0.056637900      1.490795485      0.084435525
     21.900000000      0.055964120      1.481901503      0.082933313
     22.000000000      0.055297040      1.473043059      0.081454921
     22.100000000      0.054623942      1.464050364      0.079972202
     22.200000000      0.053944828      1.454920980      0.078485462
     22.300000000      0.053279755      1.445924471      0.077038501
     22.400000000      0.052607881      1.436778769      0.075585886
     22.500000000      0.051929213      1.427481104      0.074127970
     22.600000000      0.051255680      1.418193531      0.072690474
     22.700000000      0.050587272      1.408916090      0.071273221
     22.800000000      0.049905915      1.399395619      0.069838119
     22.900000000      0.049230437      1.389892932      0.068425037
     23.000000000      0.048555701      1.380335356      0.067023150
     23.100000000      0.047875631      1.370634801      0.065620006
     23.200000000      0.047206728      1.361026079      0.064249587
     23.300000000      0.046531761      1.351261003      0.062876554
     23.400000000      0.045850767      1.341336681      0.061501315
     23.500000000      0.045174254      1.331404425      0.060145202
     23.600000000      0.044502186      1.321463503      0.058808015
     23.700000000      0.043820040      1.311296448      0.057461063
     23.800000000      0.043143038      1.301127519      0.056134594
     23.900000000      0.042466669      1.290888104      0.054819718
     24.000000000      0.041785647      1.280495518      0.053506333
     24.100000000      0.041112927      1.270146148      0.052219425
     24.200000000      0.040434878      1.259628763      0.050932936
     24.300000000      0.039751566      1.248940127      0.049647326
     24.400000000      0.039072083      1.238219902      0.048379830
     24.500000000      0.038396366      1.227466259      0.047130244
     24.600000000      0.037713433      1.216501178      0.045878436
     24.700000000      0.037034911      1.205508161      0.044645888
     24.800000000      0.036356916      1.194422608      0.043425522
     24.900000000      0.035674944      1.183167274      0.042209426
     25.000000000      0.034998420      1.171895052      0.041014476
     25.100000000      0.034317301      1.160435644      0.039823019
     25.200000000      0.033631678      1.148785023      0.038635568
     25.300000000      0.032949233      1.137069883      0.037465581
     25.400000000      0.032269881      1.125286680      0.036312867
     25.500000000      0.031586162      1.113301846      0.035164933
     25.600000000      0.030906125      1.101252175      0.034035438
     25.700000000      0.030226508      1.089076756      0.032918987
     25.800000000      0.029543591      1.076703537      0.031809689
     25.900000000      0.028863277      1.064234461      0.030717294
     26.000000000      0.028179097      1.051545413      0.029631600
     26.100000000      0.027491170      1.038630601      0.028553171
     26.200000000      0.026805774      1.025601575      0.027492044
     26.300000000      0.026122796      1.012451742      0.026448071
     26.400000000      0.025438295      0.999098938      0.025415373
     26.500000000      0.024756747      0.985624047      0.024400845
     26.600000000      0.024078017      0.972019233      0.023404296
     26.700000000      0.023396607      0.958166402      0.022417843
     26.800000000      0.022712644      0.944057280      0.021442037
     26.900000000      0.022028137      0.929722596      0.020480057
     27.000000000      0.021340571      0.915097820      0.019528710
     27.100000000      0.020650097      0.900172096      0.018588641
     27.200000000      0.019961435      0.885034864      0.017666566
     27.300000000      0.019274446      0.869671923      0.016762444
     27.400000000      0.018589077      0.854069892      0.015876371
     27.500000000      0.017905858      0.838227807      0.015009188
     27.600000000      0.017222838      0.822085257      0.014158641
     27.700000000      0.016537937      0.805573492      0.013322524
     27.800000000      0.015849667      0.788632327      0.012499560
     27.900000000      0.015159063      0.771259761      0.011691575
     28.000000000      0.014466301      0.753430584      0.010899354
     28.100000000      0.013774707      0.735200313      0.010127169
     28.200000000      0.013084117      0.716533833      0.009375212
     28.300000000      0.012397969      0.697492859      0.008647495
     28.400000000      0.011713248      0.677958598      0.007941097
     28.500000000      0.011028625      0.657847430      0.007255153
     28.600000000      0.010342789      0.637064396      0.006589023
     28.700000000      0.009650769      0.615382957      0.005938919
     28.800000000      0.008957136      0.592855813      0.005310290
     28.900000000      0.008262094      0.569389654      0.004704351
     29.000000000      0.007567577      0.544932786      0.004123821
     29.100000000      0.006873397      0.519338142      0.003569617
     29.200000000      0.006186472      0.492703932      0.003048099
     29.300000000      0.005500255      0.464575085      0.002555281
     29.400000000      0.004814033      0.434629351      0.002092320
     29.500000000      0.004127266      0.402435007      0.001660956
     29.600000000      0.003431509      0.366950154      0.001259193
     29.700000000      0.002734857      0.327590914      0.000895914
     29.800000000      0.002037543      0.282759960      0.000576136
     29.900000000      0.001803799      0.266047141      0.000479896
     30.000000000      0.001804834      0.266123432      0.000480309
     30.100000000      0.001805060      0.266140074      0.000480399
     30.200000000      0.001805492      0.266171970      0.000480571
     30.300000000      0.001805954      0.266206005      0.000480756
     30.400000000      0.001806224      0.266225877      0.000480863
     30.500000000      0.001807302      0.266305336      0.000481294
     30.600000000      0.001808174      0.266369546      0.000481642
     30.700000000      0.001808831      0.266417941      0.000481905
     30.800000000      0.001809673      0.266479970      0.000482242
     30.900000000      0.001810708      0.266556143      0.000482655
     31.000000000      0.001810934      0.266572763      0.000482746
     31.100000000      0.001811366      0.266604611      0.000482919
     31.200000000      0.001812014      0.266652233      0.000483177
     31.300000000      0.001812475      0.266686204      0.000483362
     31.400000000      0.001812745      0.266706035      0.000483470
     31.500000000      0.001813823      0.266785345      0.000483901
     31.600000000      0.001814695      0.266849436      0.000484250
     31.700000000      0.001815352      0.266897744      0.000484513
     31.800000000      0.001816194      0.266959665      0.000484851
     31.900000000      0.001817229      0.267035708      0.000485265
     32.000000000      0.001817455      0.267052305      0.000485356
     32.100000000      0.001817888      0.267084100      0.000485529
     32.200000000      0.001818349      0.267118014      0.000485714
     32.300000000      0.001818619      0.267137809      0.000485822
     32.400000000      0.001819697      0.267216985      0.000486254
     32.500000000      0.001821776      0.267369588      0.000487088
     32.600000000      0.001818626      0.267138345      0.000485825
     32.700000000      0.001795726      0.265451092      0.000476677
     32.800000000      0.001788946      0.264949471      0.000473980
     32.900000000      0.001817744      0.267073542      0.000485471
     33.000000000      0.001823366      0.267486209      0.000487725
