       1    1723        0.0
      0.000000000      0.001030497     -0.000000152
      0.005000000      0.001030652     -0.000000152
      0.010000000      0.001030807     -0.000000152
      0.015000000      0.001030962     -0.000000153
      0.020000000      0.001031118     -0.000000153
      0.025000000      0.001031273     -0.000000153
      0.030000000      0.001031429     -0.000000153
      0.035000000      0.001031584     -0.000000153
      0.040000000      0.001031740     -0.000000153
      0.045000000      0.001031895     -0.000000153
      0.050000000      0.001032051     -0.000000153
      0.055000000      0.001032207     -0.000000154
      0.060000000      0.001032363     -0.000000154
      0.065000000      0.001032519     -0.000000154
      0.070000000      0.001032675     -0.000000154
      0.075000000      0.001032831     -0.000000154
      0.080000000      0.001032987     -0.000000154
      0.085000000      0.001033143     -0.000000154
      0.090000000      0.001033300     -0.000000154
      0.095000000      0.001033456     -0.000000155
      0.100000000      0.001033613     -0.000000155
      0.105000000      0.001033769     -0.000000155
      0.110000000      0.001033926     -0.000000155
      0.115000000      0.001034082     -0.000000155
      0.120000000      0.001034239     -0.000000155
      0.125000000      0.001034396     -0.000000155
      0.130000000      0.001034553     -0.000000155
      0.135000000      0.001034710     -0.000000156
      0.140000000      0.001034867     -0.000000156
      0.145000000      0.001035024     -0.000000156
      0.150000000      0.001035181     -0.000000156
      0.155000000      0.001035339     -0.000000156
      0.160000000      0.001035496     -0.000000156
      0.165000000      0.001035654     -0.000000156
      0.170000000      0.001035811     -0.000000156
      0.175000000      0.001035969     -0.000000157
      0.180000000      0.001036126     -0.000000157
      0.185000000      0.001036284     -0.000000157
      0.190000000      0.001036442     -0.000000157
      0.195000000      0.001036600     -0.000000157
      0.200000000      0.001036758     -0.000000157
      0.205000000      0.001036916     -0.000000157
      0.210000000      0.001037074     -0.000000157
      0.215000000      0.001037232     -0.000000158
      0.220000000      0.001037390     -0.000000158
      0.225000000      0.001037548     -0.000000158
      0.230000000      0.001037707     -0.000000158
      0.235000000      0.001037865     -0.000000158
      0.240000000      0.001038024     -0.000000158
      0.245000000      0.001038183     -0.000000158
      0.250000000      0.001038341     -0.000000158
      0.255000000      0.001038500     -0.000000159
      0.260000000      0.001038659     -0.000000159
      0.265000000      0.001038818     -0.000000159
      0.270000000      0.001038977     -0.000000159
      0.275000000      0.001039136     -0.000000159
      0.280000000      0.001039295     -0.000000159
      0.285000000      0.001039454     -0.000000159
      0.290000000      0.001039614     -0.000000159
      0.295000000      0.001039773     -0.000000160
      0.300000000      0.001039932     -0.000000160
      0.305000000      0.001040092     -0.000000160
      0.310000000      0.001040251     -0.000000160
      0.315000000      0.001040411     -0.000000160
      0.320000000      0.001040571     -0.000000160
      0.325000000      0.001040731     -0.000000160
      0.330000000      0.001040891     -0.000000161
      0.335000000      0.001041051     -0.000000161
      0.340000000      0.001041211     -0.000000161
      0.345000000      0.001041371     -0.000000161
      0.350000000      0.001041531     -0.000000161
      0.355000000      0.001041691     -0.000000161
      0.360000000      0.001041852     -0.000000161
      0.365000000      0.001042012     -0.000000161
      0.370000000      0.001042173     -0.000000162
      0.375000000      0.001042333     -0.000000162
      0.380000000      0.001042494     -0.000000162
      0.385000000      0.001042655     -0.000000162
      0.390000000      0.001042815     -0.000000162
      0.395000000      0.001042976     -0.000000162
      0.400000000      0.001043137     -0.000000162
      0.405000000      0.001043298     -0.000000163
      0.410000000      0.001043459     -0.000000163
      0.415000000      0.001043621     -0.000000163
      0.420000000      0.001043782     -0.000000163
      0.425000000      0.001043943     -0.000000163
      0.430000000      0.001044105     -0.000000163
      0.435000000      0.001044266     -0.000000163
      0.440000000      0.001044428     -0.000000163
      0.445000000      0.001044589     -0.000000164
      0.450000000      0.001044751     -0.000000164
      0.455000000      0.001044913     -0.000000164
      0.460000000      0.001045075     -0.000000164
      0.465000000      0.001045237     -0.000000164
      0.470000000      0.001045399     -0.000000164
      0.475000000      0.001045561     -0.000000164
      0.480000000      0.001045723     -0.000000165
      0.485000000      0.001045886     -0.000000165
      0.490000000      0.001046048     -0.000000165
      0.495000000      0.001046210     -0.000000165
      0.500000000      0.001046373     -0.000000165
      0.505000000      0.001046536     -0.000000165
      0.510000000      0.001046698     -0.000000165
      0.515000000      0.001046861     -0.000000165
      0.520000000      0.001047024     -0.000000166
      0.525000000      0.001047187     -0.000000166
      0.530000000      0.001047350     -0.000000166
      0.535000000      0.001047513     -0.000000166
      0.540000000      0.001047676     -0.000000166
      0.545000000      0.001047839     -0.000000166
      0.550000000      0.001048002     -0.000000166
      0.555000000      0.001048166     -0.000000167
      0.560000000      0.001048329     -0.000000167
      0.565000000      0.001048493     -0.000000167
      0.570000000      0.001048656     -0.000000167
      0.575000000      0.001048820     -0.000000167
      0.580000000      0.001048984     -0.000000167
      0.585000000      0.001049148     -0.000000167
      0.590000000      0.001049312     -0.000000168
      0.595000000      0.001049476     -0.000000168
      0.600000000      0.001049640     -0.000000168
      0.605000000      0.001049804     -0.000000168
      0.610000000      0.001049968     -0.000000168
      0.615000000      0.001050133     -0.000000168
      0.620000000      0.001050297     -0.000000168
      0.625000000      0.001050461     -0.000000169
      0.630000000      0.001050626     -0.000000169
      0.635000000      0.001050791     -0.000000169
      0.640000000      0.001050955     -0.000000169
      0.645000000      0.001051120     -0.000000169
      0.650000000      0.001051285     -0.000000169
      0.655000000      0.001051450     -0.000000169
      0.660000000      0.001051615     -0.000000170
      0.665000000      0.001051780     -0.000000170
      0.670000000      0.001051945     -0.000000170
      0.675000000      0.001052111     -0.000000170
      0.680000000      0.001052276     -0.000000170
      0.685000000      0.001052441     -0.000000170
      0.690000000      0.001052607     -0.000000170
      0.695000000      0.001052773     -0.000000171
      0.700000000      0.001052938     -0.000000171
      0.705000000      0.001053104     -0.000000171
      0.710000000      0.001053270     -0.000000171
      0.715000000      0.001053436     -0.000000171
      0.720000000      0.001053602     -0.000000171
      0.725000000      0.001053768     -0.000000171
      0.730000000      0.001053934     -0.000000172
      0.735000000      0.001054100     -0.000000172
      0.740000000      0.001054267     -0.000000172
      0.745000000      0.001054433     -0.000000172
      0.750000000      0.001054600     -0.000000172
      0.755000000      0.001054766     -0.000000172
      0.760000000      0.001054933     -0.000000172
      0.765000000      0.001055100     -0.000000173
      0.770000000      0.001055266     -0.000000173
      0.775000000      0.001055433     -0.000000173
      0.780000000      0.001055600     -0.000000173
      0.785000000      0.001055767     -0.000000173
      0.790000000      0.001055934     -0.000000173
      0.795000000      0.001056102     -0.000000173
      0.800000000      0.001056269     -0.000000174
      0.805000000      0.001056436     -0.000000174
      0.810000000      0.001056604     -0.000000174
      0.815000000      0.001056771     -0.000000174
      0.820000000      0.001056939     -0.000000174
      0.825000000      0.001057107     -0.000000174
      0.830000000      0.001057275     -0.000000174
      0.835000000      0.001057442     -0.000000175
      0.840000000      0.001057610     -0.000000175
      0.845000000      0.001057778     -0.000000175
      0.850000000      0.001057947     -0.000000175
      0.855000000      0.001058115     -0.000000175
      0.860000000      0.001058283     -0.000000175
      0.865000000      0.001058451     -0.000000175
      0.870000000      0.001058620     -0.000000176
      0.875000000      0.001058788     -0.000000176
      0.880000000      0.001058957     -0.000000176
      0.885000000      0.001059126     -0.000000176
      0.890000000      0.001059295     -0.000000176
      0.895000000      0.001059463     -0.000000176
      0.900000000      0.001059632     -0.000000177
      0.905000000      0.001059802     -0.000000177
      0.910000000      0.001059971     -0.000000177
      0.915000000      0.001060140     -0.000000177
      0.920000000      0.001060309     -0.000000177
      0.925000000      0.001060478     -0.000000177
      0.930000000      0.001060648     -0.000000177
      0.935000000      0.001060817     -0.000000178
      0.940000000      0.001060987     -0.000000178
      0.945000000      0.001061157     -0.000000178
      0.950000000      0.001061327     -0.000000178
      0.955000000      0.001061496     -0.000000178
      0.960000000      0.001061666     -0.000000178
      0.965000000      0.001061836     -0.000000178
      0.970000000      0.001062007     -0.000000179
      0.975000000      0.001062177     -0.000000179
      0.980000000      0.001062347     -0.000000179
      0.985000000      0.001062517     -0.000000179
      0.990000000      0.001062688     -0.000000179
      0.995000000      0.001062859     -0.000000179
      1.000000000      0.001063029     -0.000000180
      1.005000000      0.001063200     -0.000000180
      1.010000000      0.001063371     -0.000000180
      1.015000000      0.001063542     -0.000000180
      1.020000000      0.001063713     -0.000000180
      1.025000000      0.001063884     -0.000000180
      1.030000000      0.001064055     -0.000000180
      1.035000000      0.001064226     -0.000000181
      1.040000000      0.001064397     -0.000000181
      1.045000000      0.001064569     -0.000000181
      1.050000000      0.001064740     -0.000000181
      1.055000000      0.001064912     -0.000000181
      1.060000000      0.001065083     -0.000000181
      1.065000000      0.001065255     -0.000000182
      1.070000000      0.001065427     -0.000000182
      1.075000000      0.001065599     -0.000000182
      1.080000000      0.001065771     -0.000000182
      1.085000000      0.001065943     -0.000000182
      1.090000000      0.001066115     -0.000000182
      1.095000000      0.001066287     -0.000000183
      1.100000000      0.001066460     -0.000000183
      1.105000000      0.001066632     -0.000000183
      1.110000000      0.001066805     -0.000000183
      1.115000000      0.001066977     -0.000000183
      1.120000000      0.001067150     -0.000000183
      1.125000000      0.001067323     -0.000000183
      1.130000000      0.001067496     -0.000000184
      1.135000000      0.001067668     -0.000000184
      1.140000000      0.001067842     -0.000000184
      1.145000000      0.001068015     -0.000000184
      1.150000000      0.001068188     -0.000000184
      1.155000000      0.001068361     -0.000000184
      1.160000000      0.001068534     -0.000000185
      1.165000000      0.001068708     -0.000000185
      1.170000000      0.001068881     -0.000000185
      1.175000000      0.001069055     -0.000000185
      1.180000000      0.001069229     -0.000000185
      1.185000000      0.001069403     -0.000000185
      1.190000000      0.001069577     -0.000000186
      1.195000000      0.001069751     -0.000000186
      1.200000000      0.001069925     -0.000000186
      1.205000000      0.001070099     -0.000000186
      1.210000000      0.001070273     -0.000000186
      1.215000000      0.001070447     -0.000000186
      1.220000000      0.001070622     -0.000000186
      1.225000000      0.001070796     -0.000000187
      1.230000000      0.001070971     -0.000000187
      1.235000000      0.001071146     -0.000000187
      1.240000000      0.001071320     -0.000000187
      1.245000000      0.001071495     -0.000000187
      1.250000000      0.001071670     -0.000000187
      1.255000000      0.001071845     -0.000000188
      1.260000000      0.001072020     -0.000000188
      1.265000000      0.001072195     -0.000000188
      1.270000000      0.001072371     -0.000000188
      1.275000000      0.001072546     -0.000000188
      1.280000000      0.001072722     -0.000000188
      1.285000000      0.001072897     -0.000000189
      1.290000000      0.001073073     -0.000000189
      1.295000000      0.001073249     -0.000000189
      1.300000000      0.001073424     -0.000000189
      1.305000000      0.001073600     -0.000000189
      1.310000000      0.001073776     -0.000000189
      1.315000000      0.001073952     -0.000000190
      1.320000000      0.001074129     -0.000000190
      1.325000000      0.001074305     -0.000000190
      1.330000000      0.001074481     -0.000000190
      1.335000000      0.001074658     -0.000000190
      1.340000000      0.001074834     -0.000000190
      1.345000000      0.001075011     -0.000000191
      1.350000000      0.001075188     -0.000000191
      1.355000000      0.001075365     -0.000000191
      1.360000000      0.001075541     -0.000000191
      1.365000000      0.001075718     -0.000000191
      1.370000000      0.001075895     -0.000000191
      1.375000000      0.001076073     -0.000000192
      1.380000000      0.001076250     -0.000000192
      1.385000000      0.001076427     -0.000000192
      1.390000000      0.001076605     -0.000000192
      1.395000000      0.001076782     -0.000000192
      1.400000000      0.001076960     -0.000000192
      1.405000000      0.001077138     -0.000000193
      1.410000000      0.001077315     -0.000000193
      1.415000000      0.001077493     -0.000000193
      1.420000000      0.001077671     -0.000000193
      1.425000000      0.001077849     -0.000000193
      1.430000000      0.001078028     -0.000000193
      1.435000000      0.001078206     -0.000000194
      1.440000000      0.001078384     -0.000000194
      1.445000000      0.001078563     -0.000000194
      1.450000000      0.001078741     -0.000000194
      1.455000000      0.001078920     -0.000000194
      1.460000000      0.001079098     -0.000000195
      1.465000000      0.001079277     -0.000000195
      1.470000000      0.001079456     -0.000000195
      1.475000000      0.001079635     -0.000000195
      1.480000000      0.001079814     -0.000000195
      1.485000000      0.001079993     -0.000000195
      1.490000000      0.001080173     -0.000000196
      1.495000000      0.001080352     -0.000000196
      1.500000000      0.001080531     -0.000000196
      1.505000000      0.001080711     -0.000000196
      1.510000000      0.001080891     -0.000000196
      1.515000000      0.001081070     -0.000000196
      1.520000000      0.001081250     -0.000000197
      1.525000000      0.001081430     -0.000000197
      1.530000000      0.001081610     -0.000000197
      1.535000000      0.001081790     -0.000000197
      1.540000000      0.001081970     -0.000000197
      1.545000000      0.001082151     -0.000000197
      1.550000000      0.001082331     -0.000000198
      1.555000000      0.001082511     -0.000000198
      1.560000000      0.001082692     -0.000000198
      1.565000000      0.001082873     -0.000000198
      1.570000000      0.001083053     -0.000000198
      1.575000000      0.001083234     -0.000000199
      1.580000000      0.001083415     -0.000000199
      1.585000000      0.001083596     -0.000000199
      1.590000000      0.001083777     -0.000000199
      1.595000000      0.001083959     -0.000000199
      1.600000000      0.001084140     -0.000000199
      1.605000000      0.001084321     -0.000000200
      1.610000000      0.001084503     -0.000000200
      1.615000000      0.001084684     -0.000000200
      1.620000000      0.001084866     -0.000000200
      1.625000000      0.001085048     -0.000000200
      1.630000000      0.001085230     -0.000000200
      1.635000000      0.001085412     -0.000000201
      1.640000000      0.001085594     -0.000000201
      1.645000000      0.001085776     -0.000000201
      1.650000000      0.001085958     -0.000000201
      1.655000000      0.001086140     -0.000000201
      1.660000000      0.001086323     -0.000000202
      1.665000000      0.001086505     -0.000000202
      1.670000000      0.001086688     -0.000000202
      1.675000000      0.001086871     -0.000000202
      1.680000000      0.001087053     -0.000000202
      1.685000000      0.001087236     -0.000000202
      1.690000000      0.001087419     -0.000000203
      1.695000000      0.001087602     -0.000000203
      1.700000000      0.001087786     -0.000000203
      1.705000000      0.001087969     -0.000000203
      1.710000000      0.001088152     -0.000000203
      1.715000000      0.001088336     -0.000000204
      1.720000000      0.001088519     -0.000000204
      1.725000000      0.001088703     -0.000000204
      1.730000000      0.001088887     -0.000000204
      1.735000000      0.001089071     -0.000000204
      1.740000000      0.001089255     -0.000000204
      1.745000000      0.001089439     -0.000000205
      1.750000000      0.001089623     -0.000000205
      1.755000000      0.001089807     -0.000000205
      1.760000000      0.001089991     -0.000000205
      1.765000000      0.001090176     -0.000000205
      1.770000000      0.001090360     -0.000000206
      1.775000000      0.001090545     -0.000000206
      1.780000000      0.001090730     -0.000000206
      1.785000000      0.001090914     -0.000000206
      1.790000000      0.001091099     -0.000000206
      1.795000000      0.001091284     -0.000000207
      1.800000000      0.001091469     -0.000000207
      1.805000000      0.001091655     -0.000000207
      1.810000000      0.001091840     -0.000000207
      1.815000000      0.001092025     -0.000000207
      1.820000000      0.001092211     -0.000000207
      1.825000000      0.001092396     -0.000000208
      1.830000000      0.001092582     -0.000000208
      1.835000000      0.001092768     -0.000000208
      1.840000000      0.001092954     -0.000000208
      1.845000000      0.001093140     -0.000000208
      1.850000000      0.001093326     -0.000000209
      1.855000000      0.001093512     -0.000000209
      1.860000000      0.001093698     -0.000000209
      1.865000000      0.001093885     -0.000000209
      1.870000000      0.001094071     -0.000000209
      1.875000000      0.001094258     -0.000000210
      1.880000000      0.001094444     -0.000000210
      1.885000000      0.001094631     -0.000000210
      1.890000000      0.001094818     -0.000000210
      1.895000000      0.001095005     -0.000000210
      1.900000000      0.001095192     -0.000000211
      1.905000000      0.001095379     -0.000000211
      1.910000000      0.001095566     -0.000000211
      1.915000000      0.001095754     -0.000000211
      1.920000000      0.001095941     -0.000000211
      1.925000000      0.001096129     -0.000000211
      1.930000000      0.001096316     -0.000000212
      1.935000000      0.001096504     -0.000000212
      1.940000000      0.001096692     -0.000000212
      1.945000000      0.001096880     -0.000000212
      1.950000000      0.001097068     -0.000000212
      1.955000000      0.001097256     -0.000000213
      1.960000000      0.001096944     -0.000000213
      1.965000000      0.001096133     -0.000000213
      1.970000000      0.001095320     -0.000000213
      1.975000000      0.001094507     -0.000000212
      1.980000000      0.001093694     -0.000000212
      1.985000000      0.001092882     -0.000000212
      1.990000000      0.001092070     -0.000000212
      1.995000000      0.001091258     -0.000000212
      2.000000000      0.001090447     -0.000000212
      2.005000000      0.001089636     -0.000000212
      2.010000000      0.001088825     -0.000000212
      2.015000000      0.001088015     -0.000000212
      2.020000000      0.001087205     -0.000000212
      2.025000000      0.001086395     -0.000000211
      2.030000000      0.001085586     -0.000000211
      2.035000000      0.001084776     -0.000000211
      2.040000000      0.001083968     -0.000000211
      2.045000000      0.001083159     -0.000000211
      2.050000000      0.001082351     -0.000000211
      2.055000000      0.001081543     -0.000000211
      2.060000000      0.001080735     -0.000000211
      2.065000000      0.001079928     -0.000000211
      2.070000000      0.001079121     -0.000000211
      2.075000000      0.001078314     -0.000000210
      2.080000000      0.001077508     -0.000000210
      2.085000000      0.001076702     -0.000000210
      2.090000000      0.001075896     -0.000000210
      2.095000000      0.001075091     -0.000000210
      2.100000000      0.001074286     -0.000000210
      2.105000000      0.001073481     -0.000000210
      2.110000000      0.001072676     -0.000000210
      2.115000000      0.001071872     -0.000000210
      2.120000000      0.001071068     -0.000000210
      2.125000000      0.001070265     -0.000000209
      2.130000000      0.001069462     -0.000000209
      2.135000000      0.001068659     -0.000000209
      2.140000000      0.001067856     -0.000000209
      2.145000000      0.001067054     -0.000000209
      2.150000000      0.001066252     -0.000000209
      2.155000000      0.001065450     -0.000000209
      2.160000000      0.001064649     -0.000000209
      2.165000000      0.001063848     -0.000000209
      2.170000000      0.001063047     -0.000000209
      2.175000000      0.001062246     -0.000000208
      2.180000000      0.001061446     -0.000000208
      2.185000000      0.001060646     -0.000000208
      2.190000000      0.001059847     -0.000000208
      2.195000000      0.001059048     -0.000000208
      2.200000000      0.001058249     -0.000000208
      2.205000000      0.001057450     -0.000000208
      2.210000000      0.001056652     -0.000000208
      2.215000000      0.001055854     -0.000000208
      2.220000000      0.001055056     -0.000000208
      2.225000000      0.001054259     -0.000000208
      2.230000000      0.001053462     -0.000000207
      2.235000000      0.001052665     -0.000000207
      2.240000000      0.001051869     -0.000000207
      2.245000000      0.001051073     -0.000000207
      2.250000000      0.001050277     -0.000000207
      2.255000000      0.001049482     -0.000000207
      2.260000000      0.001048686     -0.000000207
      2.265000000      0.001047892     -0.000000207
      2.270000000      0.001047097     -0.000000207
      2.275000000      0.001046303     -0.000000207
      2.280000000      0.001045509     -0.000000206
      2.285000000      0.001044715     -0.000000206
      2.290000000      0.001043922     -0.000000206
      2.295000000      0.001043129     -0.000000206
      2.300000000      0.001042336     -0.000000206
      2.305000000      0.001041544     -0.000000206
      2.310000000      0.001040752     -0.000000206
      2.315000000      0.001039960     -0.000000206
      2.320000000      0.001039169     -0.000000206
      2.325000000      0.001038378     -0.000000206
      2.330000000      0.001037587     -0.000000205
      2.335000000      0.001036796     -0.000000205
      2.340000000      0.001036006     -0.000000205
      2.345000000      0.001035216     -0.000000205
      2.350000000      0.001034427     -0.000000205
      2.355000000      0.001033638     -0.000000205
      2.360000000      0.001032849     -0.000000205
      2.365000000      0.001032060     -0.000000205
      2.370000000      0.001031272     -0.000000205
      2.375000000      0.001030484     -0.000000205
      2.380000000      0.001029696     -0.000000204
      2.385000000      0.001028909     -0.000000204
      2.390000000      0.001028122     -0.000000204
      2.395000000      0.001027335     -0.000000204
      2.400000000      0.001026548     -0.000000204
      2.405000000      0.001025762     -0.000000204
      2.410000000      0.001024976     -0.000000204
      2.415000000      0.001024191     -0.000000204
      2.420000000      0.001023406     -0.000000204
      2.425000000      0.001022621     -0.000000204
      2.430000000      0.001021836     -0.000000204
      2.435000000      0.001021052     -0.000000203
      2.440000000      0.001020268     -0.000000203
      2.445000000      0.001019484     -0.000000203
      2.450000000      0.001018701     -0.000000203
      2.455000000      0.001017918     -0.000000203
      2.460000000      0.001017135     -0.000000203
      2.465000000      0.001016353     -0.000000203
      2.470000000      0.001015571     -0.000000203
      2.475000000      0.001014789     -0.000000203
      2.480000000      0.001014008     -0.000000203
      2.485000000      0.001013227     -0.000000202
      2.490000000      0.001012446     -0.000000202
      2.495000000      0.001011665     -0.000000202
      2.500000000      0.001010885     -0.000000202
      2.505000000      0.001010105     -0.000000202
      2.510000000      0.001009325     -0.000000202
      2.515000000      0.001008546     -0.000000202
      2.520000000      0.001007767     -0.000000202
      2.525000000      0.001006988     -0.000000202
      2.530000000      0.001006210     -0.000000202
      2.535000000      0.001005432     -0.000000201
      2.540000000      0.001004654     -0.000000201
      2.545000000      0.001003877     -0.000000201
      2.550000000      0.001003100     -0.000000201
      2.555000000      0.001002323     -0.000000201
      2.560000000      0.001001547     -0.000000201
      2.565000000      0.001000770     -0.000000201
      2.570000000      0.000999995     -0.000000201
      2.575000000      0.000999219     -0.000000201
      2.580000000      0.000998444     -0.000000201
      2.585000000      0.000997669     -0.000000201
      2.590000000      0.000996894     -0.000000200
      2.595000000      0.000996120     -0.000000200
      2.600000000      0.000995346     -0.000000200
      2.605000000      0.000994572     -0.000000200
      2.610000000      0.000993799     -0.000000200
      2.615000000      0.000993026     -0.000000200
      2.620000000      0.000992253     -0.000000200
      2.625000000      0.000991481     -0.000000200
      2.630000000      0.000990709     -0.000000200
      2.635000000      0.000989937     -0.000000200
      2.640000000      0.000989165     -0.000000199
      2.645000000      0.000988394     -0.000000199
      2.650000000      0.000987623     -0.000000199
      2.655000000      0.000986853     -0.000000199
      2.660000000      0.000986082     -0.000000199
      2.665000000      0.000985312     -0.000000199
      2.670000000      0.000984543     -0.000000199
      2.675000000      0.000983774     -0.000000199
      2.680000000      0.000983005     -0.000000199
      2.685000000      0.000982236     -0.000000199
      2.690000000      0.000981467     -0.000000198
      2.695000000      0.000980699     -0.000000198
      2.700000000      0.000979932     -0.000000198
      2.705000000      0.000979164     -0.000000198
      2.710000000      0.000978397     -0.000000198
      2.715000000      0.000977630     -0.000000198
      2.720000000      0.000976864     -0.000000198
      2.725000000      0.000976098     -0.000000198
      2.730000000      0.000975332     -0.000000198
      2.735000000      0.000974566     -0.000000198
      2.740000000      0.000973801     -0.000000198
      2.745000000      0.000973036     -0.000000197
      2.750000000      0.000972271     -0.000000197
      2.755000000      0.000971507     -0.000000197
      2.760000000      0.000970743     -0.000000197
      2.765000000      0.000969979     -0.000000197
      2.770000000      0.000969216     -0.000000197
      2.775000000      0.000968453     -0.000000197
      2.780000000      0.000967690     -0.000000197
      2.785000000      0.000966927     -0.000000197
      2.790000000      0.000966165     -0.000000197
      2.795000000      0.000965403     -0.000000196
      2.800000000      0.000964642     -0.000000196
      2.805000000      0.000963881     -0.000000196
      2.810000000      0.000963120     -0.000000196
      2.815000000      0.000962359     -0.000000196
      2.820000000      0.000961599     -0.000000196
      2.825000000      0.000960839     -0.000000196
      2.830000000      0.000960079     -0.000000196
      2.835000000      0.000959320     -0.000000196
      2.840000000      0.000958561     -0.000000196
      2.845000000      0.000957802     -0.000000196
      2.850000000      0.000957044     -0.000000195
      2.855000000      0.000956286     -0.000000195
      2.860000000      0.000955528     -0.000000195
      2.865000000      0.000954770     -0.000000195
      2.870000000      0.000954013     -0.000000195
      2.875000000      0.000953256     -0.000000195
      2.880000000      0.000952500     -0.000000195
      2.885000000      0.000951744     -0.000000195
      2.890000000      0.000950988     -0.000000195
      2.895000000      0.000950232     -0.000000195
      2.900000000      0.000949477     -0.000000194
      2.905000000      0.000948722     -0.000000194
      2.910000000      0.000947967     -0.000000194
      2.915000000      0.000947213     -0.000000194
      2.920000000      0.000946459     -0.000000194
      2.925000000      0.000945705     -0.000000194
      2.930000000      0.000944951     -0.000000194
      2.935000000      0.000944198     -0.000000194
      2.940000000      0.000943445     -0.000000194
      2.945000000      0.000942693     -0.000000194
      2.950000000      0.000941941     -0.000000194
      2.955000000      0.000941189     -0.000000193
      2.960000000      0.000940437     -0.000000193
      2.965000000      0.000939686     -0.000000193
      2.970000000      0.000938935     -0.000000193
      2.975000000      0.000938185     -0.000000193
      2.980000000      0.000937434     -0.000000193
      2.985000000      0.000936684     -0.000000193
      2.990000000      0.000935935     -0.000000193
      2.995000000      0.000935185     -0.000000193
      3.000000000      0.000934436     -0.000000193
      3.005000000      0.000933687     -0.000000192
      3.010000000      0.000932939     -0.000000192
      3.015000000      0.000932191     -0.000000192
      3.020000000      0.000931443     -0.000000192
      3.025000000      0.000930695     -0.000000192
      3.030000000      0.000929948     -0.000000192
      3.035000000      0.000929201     -0.000000192
      3.040000000      0.000928455     -0.000000192
      3.045000000      0.000927709     -0.000000192
      3.050000000      0.000926963     -0.000000192
      3.055000000      0.000926217     -0.000000191
      3.060000000      0.000925472     -0.000000191
      3.065000000      0.000924727     -0.000000191
      3.070000000      0.000923982     -0.000000191
      3.075000000      0.000923238     -0.000000191
      3.080000000      0.000922493     -0.000000191
      3.085000000      0.000921750     -0.000000191
      3.090000000      0.000921006     -0.000000191
      3.095000000      0.000920263     -0.000000191
      3.100000000      0.000919520     -0.000000191
      3.105000000      0.000918778     -0.000000191
      3.110000000      0.000918036     -0.000000190
      3.115000000      0.000917294     -0.000000190
      3.120000000      0.000916552     -0.000000190
      3.125000000      0.000915811     -0.000000190
      3.130000000      0.000915070     -0.000000190
      3.135000000      0.000914329     -0.000000190
      3.140000000      0.000913589     -0.000000190
      3.145000000      0.000912849     -0.000000190
      3.150000000      0.000912109     -0.000000190
      3.155000000      0.000911370     -0.000000190
      3.160000000      0.000910631     -0.000000189
      3.165000000      0.000909892     -0.000000189
      3.170000000      0.000909153     -0.000000189
      3.175000000      0.000908415     -0.000000189
      3.180000000      0.000907677     -0.000000189
      3.185000000      0.000906940     -0.000000189
      3.190000000      0.000906202     -0.000000189
      3.195000000      0.000905466     -0.000000189
      3.200000000      0.000904729     -0.000000189
      3.205000000      0.000903993     -0.000000189
      3.210000000      0.000903257     -0.000000189
      3.215000000      0.000902521     -0.000000188
      3.220000000      0.000901786     -0.000000188
      3.225000000      0.000901051     -0.000000188
      3.230000000      0.000900316     -0.000000188
      3.235000000      0.000899581     -0.000000188
      3.240000000      0.000898847     -0.000000188
      3.245000000      0.000898114     -0.000000188
      3.250000000      0.000897380     -0.000000188
      3.255000000      0.000896647     -0.000000188
      3.260000000      0.000895914     -0.000000188
      3.265000000      0.000895181     -0.000000187
      3.270000000      0.000894449     -0.000000187
      3.275000000      0.000893717     -0.000000187
      3.280000000      0.000892986     -0.000000187
      3.285000000      0.000892254     -0.000000187
      3.290000000      0.000891523     -0.000000187
      3.295000000      0.000890793     -0.000000187
      3.300000000      0.000890062     -0.000000187
      3.305000000      0.000889332     -0.000000187
      3.310000000      0.000888603     -0.000000187
      3.315000000      0.000887873     -0.000000187
      3.320000000      0.000887144     -0.000000186
      3.325000000      0.000886415     -0.000000186
      3.330000000      0.000885687     -0.000000186
      3.335000000      0.000884959     -0.000000186
      3.340000000      0.000884231     -0.000000186
      3.345000000      0.000883503     -0.000000186
      3.350000000      0.000882776     -0.000000186
      3.355000000      0.000882049     -0.000000186
      3.360000000      0.000881322     -0.000000186
      3.365000000      0.000880596     -0.000000186
      3.370000000      0.000879870     -0.000000186
      3.375000000      0.000879144     -0.000000185
      3.380000000      0.000878419     -0.000000185
      3.385000000      0.000877694     -0.000000185
      3.390000000      0.000876969     -0.000000185
      3.395000000      0.000876245     -0.000000185
      3.400000000      0.000875520     -0.000000185
      3.405000000      0.000874797     -0.000000185
      3.410000000      0.000874073     -0.000000185
      3.415000000      0.000873350     -0.000000185
      3.420000000      0.000872627     -0.000000185
      3.425000000      0.000871904     -0.000000184
      3.430000000      0.000871182     -0.000000184
      3.435000000      0.000870460     -0.000000184
      3.440000000      0.000869739     -0.000000184
      3.445000000      0.000869017     -0.000000184
      3.450000000      0.000868296     -0.000000184
      3.455000000      0.000867575     -0.000000184
      3.460000000      0.000866855     -0.000000184
      3.465000000      0.000866135     -0.000000184
      3.470000000      0.000865415     -0.000000184
      3.475000000      0.000864696     -0.000000184
      3.480000000      0.000863977     -0.000000183
      3.485000000      0.000863258     -0.000000183
      3.490000000      0.000862539     -0.000000183
      3.495000000      0.000861821     -0.000000183
      3.500000000      0.000861103     -0.000000183
      3.505000000      0.000860385     -0.000000183
      3.510000000      0.000859668     -0.000000183
      3.515000000      0.000858951     -0.000000183
      3.520000000      0.000858235     -0.000000183
      3.525000000      0.000857518     -0.000000183
      3.530000000      0.000856802     -0.000000182
      3.535000000      0.000856086     -0.000000182
      3.540000000      0.000855371     -0.000000182
      3.545000000      0.000854656     -0.000000182
      3.550000000      0.000853941     -0.000000182
      3.555000000      0.000853227     -0.000000182
      3.560000000      0.000852512     -0.000000182
      3.565000000      0.000851799     -0.000000182
      3.570000000      0.000851085     -0.000000182
      3.575000000      0.000850372     -0.000000182
      3.580000000      0.000849659     -0.000000182
      3.585000000      0.000848946     -0.000000181
      3.590000000      0.000848234     -0.000000181
      3.595000000      0.000847522     -0.000000181
      3.600000000      0.000846810     -0.000000181
      3.605000000      0.000846099     -0.000000181
      3.610000000      0.000845388     -0.000000181
      3.615000000      0.000844677     -0.000000181
      3.620000000      0.000843967     -0.000000181
      3.625000000      0.000843257     -0.000000181
      3.630000000      0.000842547     -0.000000181
      3.635000000      0.000841837     -0.000000181
      3.640000000      0.000841128     -0.000000180
      3.645000000      0.000840419     -0.000000180
      3.650000000      0.000839711     -0.000000180
      3.655000000      0.000839003     -0.000000180
      3.660000000      0.000838295     -0.000000180
      3.665000000      0.000837587     -0.000000180
      3.670000000      0.000836880     -0.000000180
      3.675000000      0.000836173     -0.000000180
      3.680000000      0.000835466     -0.000000180
      3.685000000      0.000834760     -0.000000180
      3.690000000      0.000834054     -0.000000179
      3.695000000      0.000833348     -0.000000179
      3.700000000      0.000832642     -0.000000179
      3.705000000      0.000831937     -0.000000179
      3.710000000      0.000831232     -0.000000179
      3.715000000      0.000830528     -0.000000179
      3.720000000      0.000829824     -0.000000179
      3.725000000      0.000829120     -0.000000179
      3.730000000      0.000828416     -0.000000179
      3.735000000      0.000827713     -0.000000179
      3.740000000      0.000827010     -0.000000179
      3.745000000      0.000826307     -0.000000178
      3.750000000      0.000825605     -0.000000178
      3.755000000      0.000824903     -0.000000178
      3.760000000      0.000824201     -0.000000178
      3.765000000      0.000823500     -0.000000178
      3.770000000      0.000822799     -0.000000178
      3.775000000      0.000822098     -0.000000178
      3.780000000      0.000821398     -0.000000178
      3.785000000      0.000820697     -0.000000178
      3.790000000      0.000819998     -0.000000178
      3.795000000      0.000819298     -0.000000178
      3.800000000      0.000818599     -0.000000177
      3.805000000      0.000817900     -0.000000177
      3.810000000      0.000817201     -0.000000177
      3.815000000      0.000816503     -0.000000177
      3.820000000      0.000815805     -0.000000177
      3.825000000      0.000815107     -0.000000177
      3.830000000      0.000814410     -0.000000177
      3.835000000      0.000813713     -0.000000177
      3.840000000      0.000813016     -0.000000177
      3.845000000      0.000812320     -0.000000177
      3.850000000      0.000811624     -0.000000176
      3.855000000      0.000810928     -0.000000176
      3.860000000      0.000810233     -0.000000176
      3.865000000      0.000809537     -0.000000176
      3.870000000      0.000808843     -0.000000176
      3.875000000      0.000808148     -0.000000176
      3.880000000      0.000807454     -0.000000176
      3.885000000      0.000806760     -0.000000176
      3.890000000      0.000806066     -0.000000176
      3.895000000      0.000805373     -0.000000176
      3.900000000      0.000804680     -0.000000176
      3.905000000      0.000803987     -0.000000175
      3.910000000      0.000803295     -0.000000175
      3.915000000      0.000802603     -0.000000175
      3.920000000      0.000801911     -0.000000175
      3.925000000      0.000801220     -0.000000175
      3.930000000      0.000800529     -0.000000175
      3.935000000      0.000799838     -0.000000175
      3.940000000      0.000799147     -0.000000175
      3.945000000      0.000798457     -0.000000175
      3.950000000      0.000797767     -0.000000175
      3.955000000      0.000797078     -0.000000175
      3.960000000      0.000796389     -0.000000174
      3.965000000      0.000795700     -0.000000174
      3.970000000      0.000795011     -0.000000174
      3.975000000      0.000794323     -0.000000174
      3.980000000      0.000793635     -0.000000174
      3.985000000      0.000792947     -0.000000174
      3.990000000      0.000792260     -0.000000174
      3.995000000      0.000791573     -0.000000174
      4.000000000      0.000790886     -0.000000174
      4.005000000      0.000790199     -0.000000174
      4.010000000      0.000789513     -0.000000174
      4.015000000      0.000788827     -0.000000173
      4.020000000      0.000788142     -0.000000173
      4.025000000      0.000787457     -0.000000173
      4.030000000      0.000786772     -0.000000173
      4.035000000      0.000786087     -0.000000173
      4.040000000      0.000785403     -0.000000173
      4.045000000      0.000784719     -0.000000173
      4.050000000      0.000784035     -0.000000173
      4.055000000      0.000783352     -0.000000173
      4.060000000      0.000782669     -0.000000173
      4.065000000      0.000781986     -0.000000172
      4.070000000      0.000781304     -0.000000172
      4.075000000      0.000780622     -0.000000172
      4.080000000      0.000779940     -0.000000172
      4.085000000      0.000779259     -0.000000172
      4.090000000      0.000778577     -0.000000172
      4.095000000      0.000777897     -0.000000172
      4.100000000      0.000777216     -0.000000172
      4.105000000      0.000776536     -0.000000172
      4.110000000      0.000775856     -0.000000172
      4.115000000      0.000775176     -0.000000172
      4.120000000      0.000774497     -0.000000171
      4.125000000      0.000773818     -0.000000171
      4.130000000      0.000773139     -0.000000171
      4.135000000      0.000772461     -0.000000171
      4.140000000      0.000771783     -0.000000171
      4.145000000      0.000771105     -0.000000171
      4.150000000      0.000770428     -0.000000171
      4.155000000      0.000769751     -0.000000171
      4.160000000      0.000769074     -0.000000171
      4.165000000      0.000768398     -0.000000171
      4.170000000      0.000767721     -0.000000171
      4.175000000      0.000767046     -0.000000170
      4.180000000      0.000766370     -0.000000170
      4.185000000      0.000765695     -0.000000170
      4.190000000      0.000765020     -0.000000170
      4.195000000      0.000764345     -0.000000170
      4.200000000      0.000763671     -0.000000170
      4.205000000      0.000762997     -0.000000170
      4.210000000      0.000762323     -0.000000170
      4.215000000      0.000761650     -0.000000170
      4.220000000      0.000760977     -0.000000170
      4.225000000      0.000760304     -0.000000170
      4.230000000      0.000759632     -0.000000169
      4.235000000      0.000758959     -0.000000169
      4.240000000      0.000758288     -0.000000169
      4.245000000      0.000757616     -0.000000169
      4.250000000      0.000756945     -0.000000169
      4.255000000      0.000756274     -0.000000169
      4.260000000      0.000755604     -0.000000169
      4.265000000      0.000754933     -0.000000169
      4.270000000      0.000754263     -0.000000169
      4.275000000      0.000753594     -0.000000169
      4.280000000      0.000752924     -0.000000169
      4.285000000      0.000752255     -0.000000168
      4.290000000      0.000751587     -0.000000168
      4.295000000      0.000750918     -0.000000168
      4.300000000      0.000750250     -0.000000168
      4.305000000      0.000749582     -0.000000168
      4.310000000      0.000748915     -0.000000168
      4.315000000      0.000748248     -0.000000168
      4.320000000      0.000747581     -0.000000168
      4.325000000      0.000746914     -0.000000168
      4.330000000      0.000746248     -0.000000168
      4.335000000      0.000745582     -0.000000168
      4.340000000      0.000744917     -0.000000167
      4.345000000      0.000744251     -0.000000167
      4.350000000      0.000743587     -0.000000167
      4.355000000      0.000742922     -0.000000167
      4.360000000      0.000742258     -0.000000167
      4.365000000      0.000741594     -0.000000167
      4.370000000      0.000740930     -0.000000167
      4.375000000      0.000740266     -0.000000167
      4.380000000      0.000739603     -0.000000167
      4.385000000      0.000738940     -0.000000167
      4.390000000      0.000738278     -0.000000166
      4.395000000      0.000737616     -0.000000166
      4.400000000      0.000736954     -0.000000166
      4.405000000      0.000736292     -0.000000166
      4.410000000      0.000735631     -0.000000166
      4.415000000      0.000734970     -0.000000166
      4.420000000      0.000734310     -0.000000166
      4.425000000      0.000733649     -0.000000166
      4.430000000      0.000732989     -0.000000166
      4.435000000      0.000732330     -0.000000166
      4.440000000      0.000731670     -0.000000166
      4.445000000      0.000731011     -0.000000165
      4.450000000      0.000730352     -0.000000165
      4.455000000      0.000729694     -0.000000165
      4.460000000      0.000729036     -0.000000165
      4.465000000      0.000728378     -0.000000165
      4.470000000      0.000727721     -0.000000165
      4.475000000      0.000727063     -0.000000165
      4.480000000      0.000726407     -0.000000165
      4.485000000      0.000725750     -0.000000165
      4.490000000      0.000725094     -0.000000165
      4.495000000      0.000724438     -0.000000165
      4.500000000      0.000723782     -0.000000164
      4.505000000      0.000723127     -0.000000164
      4.510000000      0.000722472     -0.000000164
      4.515000000      0.000721817     -0.000000164
      4.520000000      0.000721163     -0.000000164
      4.525000000      0.000720509     -0.000000164
      4.530000000      0.000719855     -0.000000164
      4.535000000      0.000719201     -0.000000164
      4.540000000      0.000718548     -0.000000164
      4.545000000      0.000717895     -0.000000164
      4.550000000      0.000717243     -0.000000164
      4.555000000      0.000716591     -0.000000163
      4.560000000      0.000715939     -0.000000163
      4.565000000      0.000715287     -0.000000163
      4.570000000      0.000714636     -0.000000163
      4.575000000      0.000713985     -0.000000163
      4.580000000      0.000713334     -0.000000163
      4.585000000      0.000712684     -0.000000163
      4.590000000      0.000712034     -0.000000163
      4.595000000      0.000711384     -0.000000163
      4.600000000      0.000710735     -0.000000163
      4.605000000      0.000710086     -0.000000163
      4.610000000      0.000709437     -0.000000162
      4.615000000      0.000708788     -0.000000162
      4.620000000      0.000708140     -0.000000162
      4.625000000      0.000707492     -0.000000162
      4.630000000      0.000706845     -0.000000162
      4.635000000      0.000706197     -0.000000162
      4.640000000      0.000705551     -0.000000162
      4.645000000      0.000704904     -0.000000162
      4.650000000      0.000704258     -0.000000162
      4.655000000      0.000703612     -0.000000162
      4.660000000      0.000702966     -0.000000162
      4.665000000      0.000702321     -0.000000161
      4.670000000      0.000701675     -0.000000161
      4.675000000      0.000701031     -0.000000161
      4.680000000      0.000700386     -0.000000161
      4.685000000      0.000699742     -0.000000161
      4.690000000      0.000699098     -0.000000161
      4.695000000      0.000698455     -0.000000161
      4.700000000      0.000697812     -0.000000161
      4.705000000      0.000697169     -0.000000161
      4.710000000      0.000696526     -0.000000161
      4.715000000      0.000695884     -0.000000161
      4.720000000      0.000695242     -0.000000160
      4.725000000      0.000694600     -0.000000160
      4.730000000      0.000693959     -0.000000160
      4.735000000      0.000693318     -0.000000160
      4.740000000      0.000692677     -0.000000160
      4.745000000      0.000692037     -0.000000160
      4.750000000      0.000691397     -0.000000160
      4.755000000      0.000690757     -0.000000160
      4.760000000      0.000690117     -0.000000160
      4.765000000      0.000689478     -0.000000160
      4.770000000      0.000688839     -0.000000160
      4.775000000      0.000688201     -0.000000159
      4.780000000      0.000687563     -0.000000159
      4.785000000      0.000686925     -0.000000159
      4.790000000      0.000686287     -0.000000159
      4.795000000      0.000685650     -0.000000159
      4.800000000      0.000685013     -0.000000159
      4.805000000      0.000684376     -0.000000159
      4.810000000      0.000683740     -0.000000159
      4.815000000      0.000683104     -0.000000159
      4.820000000      0.000682468     -0.000000159
      4.825000000      0.000681832     -0.000000159
      4.830000000      0.000681197     -0.000000158
      4.835000000      0.000680562     -0.000000158
      4.840000000      0.000679928     -0.000000158
      4.845000000      0.000679294     -0.000000158
      4.850000000      0.000678660     -0.000000158
      4.855000000      0.000678026     -0.000000158
      4.860000000      0.000677393     -0.000000158
      4.865000000      0.000676760     -0.000000158
      4.870000000      0.000676127     -0.000000158
      4.875000000      0.000675495     -0.000000158
      4.880000000      0.000674863     -0.000000158
      4.885000000      0.000674231     -0.000000157
      4.890000000      0.000673600     -0.000000157
      4.895000000      0.000672969     -0.000000157
      4.900000000      0.000672338     -0.000000157
      4.905000000      0.000671708     -0.000000157
      4.910000000      0.000671078     -0.000000157
      4.915000000      0.000670448     -0.000000157
      4.920000000      0.000669818     -0.000000157
      4.925000000      0.000669189     -0.000000157
      4.930000000      0.000668560     -0.000000157
      4.935000000      0.000667931     -0.000000157
      4.940000000      0.000667303     -0.000000156
      4.945000000      0.000666675     -0.000000156
      4.950000000      0.000666047     -0.000000156
      4.955000000      0.000665420     -0.000000156
      4.960000000      0.000664793     -0.000000156
      4.965000000      0.000664166     -0.000000156
      4.970000000      0.000663540     -0.000000156
      4.975000000      0.000662914     -0.000000156
      4.980000000      0.000662288     -0.000000156
      4.985000000      0.000661662     -0.000000156
      4.990000000      0.000661037     -0.000000156
      4.995000000      0.000660412     -0.000000155
      5.000000000      0.000659788     -0.000000155
      5.005000000      0.000659163     -0.000000155
      5.010000000      0.000658539     -0.000000155
      5.015000000      0.000657916     -0.000000155
      5.020000000      0.000657292     -0.000000155
      5.025000000      0.000656669     -0.000000155
      5.030000000      0.000656047     -0.000000155
      5.035000000      0.000655424     -0.000000155
      5.040000000      0.000654802     -0.000000155
      5.045000000      0.000654180     -0.000000155
      5.050000000      0.000653559     -0.000000155
      5.055000000      0.000652938     -0.000000154
      5.060000000      0.000652317     -0.000000154
      5.065000000      0.000651696     -0.000000154
      5.070000000      0.000651076     -0.000000154
      5.075000000      0.000650456     -0.000000154
      5.080000000      0.000649837     -0.000000154
      5.085000000      0.000649217     -0.000000154
      5.090000000      0.000648598     -0.000000154
      5.095000000      0.000647980     -0.000000154
      5.100000000      0.000647361     -0.000000154
      5.105000000      0.000646743     -0.000000154
      5.110000000      0.000646126     -0.000000153
      5.115000000      0.000645508     -0.000000153
      5.120000000      0.000644891     -0.000000153
      5.125000000      0.000644274     -0.000000153
      5.130000000      0.000643658     -0.000000153
      5.135000000      0.000643041     -0.000000153
      5.140000000      0.000642426     -0.000000153
      5.145000000      0.000641810     -0.000000153
      5.150000000      0.000641195     -0.000000153
      5.155000000      0.000640580     -0.000000153
      5.160000000      0.000639965     -0.000000153
      5.165000000      0.000639351     -0.000000152
      5.170000000      0.000638737     -0.000000152
      5.175000000      0.000638123     -0.000000152
      5.180000000      0.000637510     -0.000000152
      5.185000000      0.000636896     -0.000000152
      5.190000000      0.000636284     -0.000000152
      5.195000000      0.000635671     -0.000000152
      5.200000000      0.000635059     -0.000000152
      5.205000000      0.000634447     -0.000000152
      5.210000000      0.000633836     -0.000000152
      5.215000000      0.000633224     -0.000000152
      5.220000000      0.000632613     -0.000000151
      5.225000000      0.000632003     -0.000000151
      5.230000000      0.000631393     -0.000000151
      5.235000000      0.000630783     -0.000000151
      5.240000000      0.000630173     -0.000000151
      5.245000000      0.000629563     -0.000000151
      5.250000000      0.000628954     -0.000000151
      5.255000000      0.000628346     -0.000000151
      5.260000000      0.000627737     -0.000000151
      5.265000000      0.000627129     -0.000000151
      5.270000000      0.000626521     -0.000000151
      5.275000000      0.000625914     -0.000000150
      5.280000000      0.000625306     -0.000000150
      5.285000000      0.000624700     -0.000000150
      5.290000000      0.000624093     -0.000000150
      5.295000000      0.000623487     -0.000000150
      5.300000000      0.000622881     -0.000000150
      5.305000000      0.000622275     -0.000000150
      5.310000000      0.000621670     -0.000000150
      5.315000000      0.000621065     -0.000000150
      5.320000000      0.000620460     -0.000000150
      5.325000000      0.000619855     -0.000000150
      5.330000000      0.000619251     -0.000000149
      5.335000000      0.000618648     -0.000000149
      5.340000000      0.000618044     -0.000000149
      5.345000000      0.000617441     -0.000000149
      5.350000000      0.000616838     -0.000000149
      5.355000000      0.000616235     -0.000000149
      5.360000000      0.000615633     -0.000000149
      5.365000000      0.000615031     -0.000000149
      5.370000000      0.000614430     -0.000000149
      5.375000000      0.000613828     -0.000000149
      5.380000000      0.000613227     -0.000000149
      5.385000000      0.000612626     -0.000000149
      5.390000000      0.000612026     -0.000000148
      5.395000000      0.000611426     -0.000000148
      5.400000000      0.000610826     -0.000000148
      5.405000000      0.000610227     -0.000000148
      5.410000000      0.000609628     -0.000000148
      5.415000000      0.000609029     -0.000000148
      5.420000000      0.000608430     -0.000000148
      5.425000000      0.000607832     -0.000000148
      5.430000000      0.000607234     -0.000000148
      5.435000000      0.000606636     -0.000000148
      5.440000000      0.000606039     -0.000000148
      5.445000000      0.000605442     -0.000000147
      5.450000000      0.000604845     -0.000000147
      5.455000000      0.000604249     -0.000000147
      5.460000000      0.000603653     -0.000000147
      5.465000000      0.000603057     -0.000000147
      5.470000000      0.000602462     -0.000000147
      5.475000000      0.000601867     -0.000000147
      5.480000000      0.000601272     -0.000000147
      5.485000000      0.000600677     -0.000000147
      5.490000000      0.000600083     -0.000000147
      5.495000000      0.000599489     -0.000000147
      5.500000000      0.000598896     -0.000000146
      5.505000000      0.000598302     -0.000000146
      5.510000000      0.000597709     -0.000000146
      5.515000000      0.000597117     -0.000000146
      5.520000000      0.000596524     -0.000000146
      5.525000000      0.000595932     -0.000000146
      5.530000000      0.000595341     -0.000000146
      5.535000000      0.000594749     -0.000000146
      5.540000000      0.000594158     -0.000000146
      5.545000000      0.000593567     -0.000000146
      5.550000000      0.000592977     -0.000000146
      5.555000000      0.000592387     -0.000000145
      5.560000000      0.000591797     -0.000000145
      5.565000000      0.000591207     -0.000000145
      5.570000000      0.000590618     -0.000000145
      5.575000000      0.000590029     -0.000000145
      5.580000000      0.000589440     -0.000000145
      5.585000000      0.000588852     -0.000000145
      5.590000000      0.000588264     -0.000000145
      5.595000000      0.000587676     -0.000000145
      5.600000000      0.000587089     -0.000000145
      5.605000000      0.000586502     -0.000000145
      5.610000000      0.000585915     -0.000000145
      5.615000000      0.000585328     -0.000000144
      5.620000000      0.000584742     -0.000000144
      5.625000000      0.000584156     -0.000000144
      5.630000000      0.000583571     -0.000000144
      5.635000000      0.000582986     -0.000000144
      5.640000000      0.000582401     -0.000000144
      5.645000000      0.000581816     -0.000000144
      5.650000000      0.000581232     -0.000000144
      5.655000000      0.000580648     -0.000000144
      5.660000000      0.000580064     -0.000000144
      5.665000000      0.000579481     -0.000000144
      5.670000000      0.000578898     -0.000000143
      5.675000000      0.000578315     -0.000000143
      5.680000000      0.000577732     -0.000000143
      5.685000000      0.000577150     -0.000000143
      5.690000000      0.000576568     -0.000000143
      5.695000000      0.000575987     -0.000000143
      5.700000000      0.000575405     -0.000000143
      5.705000000      0.000574825     -0.000000143
      5.710000000      0.000574244     -0.000000143
      5.715000000      0.000573664     -0.000000143
      5.720000000      0.000573084     -0.000000143
      5.725000000      0.000572504     -0.000000143
      5.730000000      0.000571925     -0.000000142
      5.735000000      0.000571346     -0.000000142
      5.740000000      0.000570767     -0.000000142
      5.745000000      0.000570188     -0.000000142
      5.750000000      0.000569610     -0.000000142
      5.755000000      0.000569032     -0.000000142
      5.760000000      0.000568455     -0.000000142
      5.765000000      0.000567878     -0.000000142
      5.770000000      0.000567301     -0.000000142
      5.775000000      0.000566724     -0.000000142
      5.780000000      0.000566148     -0.000000142
      5.785000000      0.000565572     -0.000000141
      5.790000000      0.000564996     -0.000000141
      5.795000000      0.000564421     -0.000000141
      5.800000000      0.000563846     -0.000000141
      5.805000000      0.000563271     -0.000000141
      5.810000000      0.000562697     -0.000000141
      5.815000000      0.000562123     -0.000000141
      5.820000000      0.000561549     -0.000000141
      5.825000000      0.000560975     -0.000000141
      5.830000000      0.000560402     -0.000000141
      5.835000000      0.000559829     -0.000000141
      5.840000000      0.000559257     -0.000000140
      5.845000000      0.000558684     -0.000000140
      5.850000000      0.000558112     -0.000000140
      5.855000000      0.000557541     -0.000000140
      5.860000000      0.000556969     -0.000000140
      5.865000000      0.000556398     -0.000000140
      5.870000000      0.000555828     -0.000000140
      5.875000000      0.000555257     -0.000000140
      5.880000000      0.000554687     -0.000000140
      5.885000000      0.000554117     -0.000000140
      5.890000000      0.000553548     -0.000000140
      5.895000000      0.000552979     -0.000000140
      5.900000000      0.000552410     -0.000000139
      5.905000000      0.000551841     -0.000000139
      5.910000000      0.000551273     -0.000000139
      5.915000000      0.000550705     -0.000000139
      5.920000000      0.000550137     -0.000000139
      5.925000000      0.000549570     -0.000000139
      5.930000000      0.000549003     -0.000000139
      5.935000000      0.000548436     -0.000000139
      5.940000000      0.000547870     -0.000000139
      5.945000000      0.000547304     -0.000000139
      5.950000000      0.000546738     -0.000000139
      5.955000000      0.000546172     -0.000000138
      5.960000000      0.000545607     -0.000000138
      5.965000000      0.000545042     -0.000000138
      5.970000000      0.000544478     -0.000000138
      5.975000000      0.000543914     -0.000000138
      5.980000000      0.000543350     -0.000000138
      5.985000000      0.000542786     -0.000000138
      5.990000000      0.000542223     -0.000000138
      5.995000000      0.000541660     -0.000000138
      6.000000000      0.000541097     -0.000000138
      6.005000000      0.000540535     -0.000000138
      6.010000000      0.000539972     -0.000000138
      6.015000000      0.000539411     -0.000000137
      6.020000000      0.000538849     -0.000000137
      6.025000000      0.000538288     -0.000000137
      6.030000000      0.000537727     -0.000000137
      6.035000000      0.000537167     -0.000000137
      6.040000000      0.000536606     -0.000000137
      6.045000000      0.000536046     -0.000000137
      6.050000000      0.000535487     -0.000000137
      6.055000000      0.000534927     -0.000000137
      6.060000000      0.000534368     -0.000000137
      6.065000000      0.000533810     -0.000000137
      6.070000000      0.000533251     -0.000000136
      6.075000000      0.000532693     -0.000000136
      6.080000000      0.000532135     -0.000000136
      6.085000000      0.000531578     -0.000000136
      6.090000000      0.000531021     -0.000000136
      6.095000000      0.000530464     -0.000000136
      6.100000000      0.000529907     -0.000000136
      6.105000000      0.000529351     -0.000000136
      6.110000000      0.000528795     -0.000000136
      6.115000000      0.000528240     -0.000000136
      6.120000000      0.000527684     -0.000000136
      6.125000000      0.000527129     -0.000000136
      6.130000000      0.000526575     -0.000000135
      6.135000000      0.000526020     -0.000000135
      6.140000000      0.000525466     -0.000000135
      6.145000000      0.000524912     -0.000000135
      6.150000000      0.000524359     -0.000000135
      6.155000000      0.000523806     -0.000000135
      6.160000000      0.000523253     -0.000000135
      6.165000000      0.000522700     -0.000000135
      6.170000000      0.000522148     -0.000000135
      6.175000000      0.000521596     -0.000000135
      6.180000000      0.000521045     -0.000000135
      6.185000000      0.000520493     -0.000000134
      6.190000000      0.000519942     -0.000000134
      6.195000000      0.000519392     -0.000000134
      6.200000000      0.000518841     -0.000000134
      6.205000000      0.000518291     -0.000000134
      6.210000000      0.000517741     -0.000000134
      6.215000000      0.000517192     -0.000000134
      6.220000000      0.000516643     -0.000000134
      6.225000000      0.000516094     -0.000000134
      6.230000000      0.000515545     -0.000000134
      6.235000000      0.000514997     -0.000000134
      6.240000000      0.000514449     -0.000000134
      6.245000000      0.000513901     -0.000000133
      6.250000000      0.000513354     -0.000000133
      6.255000000      0.000512807     -0.000000133
      6.260000000      0.000512260     -0.000000133
      6.265000000      0.000511714     -0.000000133
      6.270000000      0.000511168     -0.000000133
      6.275000000      0.000510622     -0.000000133
      6.280000000      0.000510077     -0.000000133
      6.285000000      0.000509532     -0.000000133
      6.290000000      0.000508987     -0.000000133
      6.295000000      0.000508442     -0.000000133
      6.300000000      0.000507898     -0.000000132
      6.305000000      0.000507354     -0.000000132
      6.310000000      0.000506811     -0.000000132
      6.315000000      0.000506267     -0.000000132
      6.320000000      0.000505724     -0.000000132
      6.325000000      0.000505182     -0.000000132
      6.330000000      0.000504639     -0.000000132
      6.335000000      0.000504097     -0.000000132
      6.340000000      0.000503555     -0.000000132
      6.345000000      0.000503014     -0.000000132
      6.350000000      0.000502473     -0.000000132
      6.355000000      0.000501932     -0.000000132
      6.360000000      0.000501391     -0.000000131
      6.365000000      0.000500851     -0.000000131
      6.370000000      0.000500311     -0.000000131
      6.375000000      0.000499772     -0.000000131
      6.380000000      0.000499233     -0.000000131
      6.385000000      0.000498694     -0.000000131
      6.390000000      0.000498155     -0.000000131
      6.395000000      0.000497616     -0.000000131
      6.400000000      0.000497078     -0.000000131
      6.405000000      0.000496541     -0.000000131
      6.410000000      0.000496003     -0.000000131
      6.415000000      0.000495466     -0.000000131
      6.420000000      0.000494929     -0.000000130
      6.425000000      0.000494393     -0.000000130
      6.430000000      0.000493857     -0.000000130
      6.435000000      0.000493321     -0.000000130
      6.440000000      0.000492785     -0.000000130
      6.445000000      0.000492250     -0.000000130
      6.450000000      0.000491715     -0.000000130
      6.455000000      0.000491180     -0.000000130
      6.460000000      0.000490646     -0.000000130
      6.465000000      0.000490112     -0.000000130
      6.470000000      0.000489578     -0.000000130
      6.475000000      0.000489044     -0.000000129
      6.480000000      0.000488511     -0.000000129
      6.485000000      0.000487978     -0.000000129
      6.490000000      0.000487446     -0.000000129
      6.495000000      0.000486914     -0.000000129
      6.500000000      0.000486382     -0.000000129
      6.505000000      0.000485850     -0.000000129
      6.510000000      0.000485319     -0.000000129
      6.515000000      0.000484788     -0.000000129
      6.520000000      0.000484257     -0.000000129
      6.525000000      0.000483727     -0.000000129
      6.530000000      0.000483197     -0.000000129
      6.535000000      0.000482667     -0.000000128
      6.540000000      0.000482137     -0.000000128
      6.545000000      0.000481608     -0.000000128
      6.550000000      0.000481079     -0.000000128
      6.555000000      0.000480551     -0.000000128
      6.560000000      0.000480023     -0.000000128
      6.565000000      0.000479495     -0.000000128
      6.570000000      0.000478967     -0.000000128
      6.575000000      0.000478440     -0.000000128
      6.580000000      0.000477913     -0.000000128
      6.585000000      0.000477386     -0.000000128
      6.590000000      0.000476859     -0.000000128
      6.595000000      0.000476333     -0.000000127
      6.600000000      0.000475808     -0.000000127
      6.605000000      0.000475282     -0.000000127
      6.610000000      0.000474757     -0.000000127
      6.615000000      0.000474232     -0.000000127
      6.620000000      0.000473707     -0.000000127
      6.625000000      0.000473183     -0.000000127
      6.630000000      0.000472659     -0.000000127
      6.635000000      0.000472136     -0.000000127
      6.640000000      0.000471612     -0.000000127
      6.645000000      0.000471089     -0.000000127
      6.650000000      0.000470566     -0.000000127
      6.655000000      0.000470044     -0.000000126
      6.660000000      0.000469522     -0.000000126
      6.665000000      0.000469000     -0.000000126
      6.670000000      0.000468479     -0.000000126
      6.675000000      0.000467957     -0.000000126
      6.680000000      0.000467437     -0.000000126
      6.685000000      0.000466916     -0.000000126
      6.690000000      0.000466396     -0.000000126
      6.695000000      0.000465876     -0.000000126
      6.700000000      0.000465356     -0.000000126
      6.705000000      0.000464837     -0.000000126
      6.710000000      0.000464318     -0.000000125
      6.715000000      0.000463799     -0.000000125
      6.720000000      0.000463280     -0.000000125
      6.725000000      0.000462762     -0.000000125
      6.730000000      0.000462244     -0.000000125
      6.735000000      0.000461727     -0.000000125
      6.740000000      0.000461210     -0.000000125
      6.745000000      0.000460693     -0.000000125
      6.750000000      0.000460176     -0.000000125
      6.755000000      0.000459660     -0.000000125
      6.760000000      0.000459144     -0.000000125
      6.765000000      0.000458628     -0.000000125
      6.770000000      0.000458113     -0.000000124
      6.775000000      0.000457598     -0.000000124
      6.780000000      0.000457083     -0.000000124
      6.785000000      0.000456568     -0.000000124
      6.790000000      0.000456054     -0.000000124
      6.795000000      0.000455540     -0.000000124
      6.800000000      0.000455027     -0.000000124
      6.805000000      0.000454514     -0.000000124
      6.810000000      0.000454001     -0.000000124
      6.815000000      0.000453488     -0.000000124
      6.820000000      0.000452976     -0.000000124
      6.825000000      0.000452464     -0.000000124
      6.830000000      0.000451952     -0.000000123
      6.835000000      0.000451440     -0.000000123
      6.840000000      0.000450929     -0.000000123
      6.845000000      0.000450419     -0.000000123
      6.850000000      0.000449908     -0.000000123
      6.855000000      0.000449398     -0.000000123
      6.860000000      0.000448888     -0.000000123
      6.865000000      0.000448378     -0.000000123
      6.870000000      0.000447869     -0.000000123
      6.875000000      0.000447360     -0.000000123
      6.880000000      0.000446851     -0.000000123
      6.885000000      0.000446343     -0.000000123
      6.890000000      0.000445835     -0.000000122
      6.895000000      0.000445327     -0.000000122
      6.900000000      0.000444820     -0.000000122
      6.905000000      0.000444313     -0.000000122
      6.910000000      0.000443806     -0.000000122
      6.915000000      0.000443299     -0.000000122
      6.920000000      0.000442793     -0.000000122
      6.925000000      0.000442287     -0.000000122
      6.930000000      0.000441782     -0.000000122
      6.935000000      0.000441276     -0.000000122
      6.940000000      0.000440771     -0.000000122
      6.945000000      0.000440267     -0.000000122
      6.950000000      0.000439762     -0.000000121
      6.955000000      0.000439258     -0.000000121
      6.960000000      0.000438754     -0.000000121
      6.965000000      0.000438251     -0.000000121
      6.970000000      0.000437748     -0.000000121
      6.975000000      0.000437245     -0.000000121
      6.980000000      0.000436742     -0.000000121
      6.985000000      0.000436240     -0.000000121
      6.990000000      0.000435738     -0.000000121
      6.995000000      0.000435236     -0.000000121
      7.000000000      0.000434735     -0.000000121
      7.005000000      0.000434234     -0.000000121
      7.010000000      0.000433733     -0.000000120
      7.015000000      0.000433233     -0.000000120
      7.020000000      0.000432733     -0.000000120
      7.025000000      0.000432233     -0.000000120
      7.030000000      0.000431733     -0.000000120
      7.035000000      0.000431234     -0.000000120
      7.040000000      0.000430755     -0.000000120
      7.045000000      0.000430295     -0.000000120
      7.050000000      0.000429855     -0.000000120
      7.055000000      0.000429435     -0.000000120
      7.060000000      0.000429034     -0.000000120
      7.065000000      0.000428652     -0.000000120
      7.070000000      0.000428289     -0.000000120
      7.075000000      0.000427944     -0.000000120
      7.080000000      0.000427619     -0.000000121
      7.085000000      0.000427313     -0.000000121
      7.090000000      0.000427025     -0.000000121
      7.095000000      0.000426756     -0.000000121
      7.100000000      0.000426505     -0.000000122
      7.105000000      0.000426273     -0.000000122
      7.110000000      0.000426059     -0.000000122
      7.115000000      0.000425863     -0.000000123
      7.120000000      0.000425686     -0.000000123
      7.125000000      0.000425526     -0.000000124
      7.130000000      0.000425385     -0.000000124
      7.135000000      0.000425262     -0.000000125
      7.140000000      0.000425158     -0.000000125
      7.145000000      0.000425071     -0.000000126
      7.150000000      0.000425002     -0.000000126
      7.155000000      0.000424952     -0.000000127
      7.160000000      0.000424919     -0.000000128
      7.165000000      0.000424905     -0.000000129
      7.170000000      0.000424909     -0.000000129
      7.175000000      0.000424931     -0.000000130
      7.180000000      0.000424971     -0.000000131
      7.185000000      0.000425029     -0.000000132
      7.190000000      0.000425105     -0.000000133
      7.195000000      0.000425200     -0.000000134
      7.200000000      0.000425313     -0.000000135
      7.205000000      0.000425445     -0.000000136
      7.210000000      0.000425594     -0.000000137
      7.215000000      0.000425742     -0.000000138
      7.220000000      0.000425886     -0.000000140
      7.225000000      0.000426028     -0.000000141
      7.230000000      0.000426167     -0.000000142
      7.235000000      0.000426304     -0.000000143
      7.240000000      0.000426437     -0.000000144
      7.245000000      0.000426568     -0.000000146
      7.250000000      0.000426696     -0.000000147
      7.255000000      0.000426821     -0.000000148
      7.260000000      0.000426942     -0.000000150
      7.265000000      0.000427061     -0.000000151
      7.270000000      0.000427176     -0.000000152
      7.275000000      0.000427288     -0.000000153
      7.280000000      0.000427397     -0.000000155
      7.285000000      0.000427503     -0.000000156
      7.290000000      0.000427605     -0.000000158
      7.295000000      0.000427703     -0.000000159
      7.300000000      0.000427798     -0.000000160
      7.305000000      0.000427889     -0.000000162
      7.310000000      0.000427977     -0.000000163
      7.315000000      0.000428061     -0.000000165
      7.320000000      0.000428141     -0.000000166
      7.325000000      0.000428217     -0.000000168
      7.330000000      0.000428289     -0.000000169
      7.335000000      0.000428356     -0.000000171
      7.340000000      0.000428420     -0.000000172
      7.345000000      0.000428480     -0.000000174
      7.350000000      0.000428535     -0.000000175
      7.355000000      0.000428586     -0.000000177
      7.360000000      0.000428632     -0.000000179
      7.365000000      0.000428674     -0.000000180
      7.370000000      0.000428711     -0.000000182
      7.375000000      0.000428743     -0.000000184
      7.380000000      0.000428770     -0.000000185
      7.385000000      0.000428793     -0.000000187
      7.390000000      0.000428810     -0.000000189
      7.395000000      0.000428823     -0.000000191
      7.400000000      0.000428830     -0.000000193
      7.405000000      0.000428832     -0.000000194
      7.410000000      0.000428828     -0.000000196
      7.415000000      0.000428819     -0.000000198
      7.420000000      0.000428804     -0.000000200
      7.425000000      0.000428784     -0.000000202
      7.430000000      0.000428757     -0.000000204
      7.435000000      0.000428725     -0.000000206
      7.440000000      0.000428689     -0.000000208
      7.445000000      0.000428654     -0.000000210
      7.450000000      0.000428618     -0.000000212
      7.455000000      0.000428583     -0.000000214
      7.460000000      0.000428547     -0.000000216
      7.465000000      0.000428512     -0.000000218
      7.470000000      0.000428476     -0.000000220
      7.475000000      0.000428441     -0.000000223
      7.480000000      0.000428405     -0.000000225
      7.485000000      0.000428370     -0.000000227
      7.490000000      0.000428334     -0.000000230
      7.495000000      0.000428299     -0.000000232
      7.500000000      0.000428263     -0.000000234
      7.505000000      0.000428227     -0.000000237
      7.510000000      0.000428192     -0.000000239
      7.515000000      0.000428156     -0.000000242
      7.520000000      0.000428120     -0.000000244
      7.525000000      0.000428085     -0.000000247
      7.530000000      0.000428049     -0.000000250
      7.535000000      0.000428013     -0.000000252
      7.540000000      0.000427977     -0.000000255
      7.545000000      0.000427941     -0.000000258
      7.550000000      0.000427905     -0.000000261
      7.555000000      0.000427869     -0.000000263
      7.560000000      0.000427833     -0.000000266
      7.565000000      0.000427797     -0.000000269
      7.570000000      0.000427761     -0.000000272
      7.575000000      0.000427725     -0.000000275
      7.580000000      0.000427688     -0.000000279
      7.585000000      0.000427652     -0.000000282
      7.590000000      0.000427615     -0.000000285
      7.595000000      0.000427578     -0.000000288
      7.600000000      0.000427541     -0.000000292
      7.605000000      0.000427504     -0.000000295
      7.610000000      0.000427467     -0.000000299
      7.615000000      0.000427429     -0.000000302
      7.620000000      0.000427392     -0.000000306
      7.625000000      0.000427354     -0.000000309
      7.630000000      0.000427316     -0.000000313
      7.635000000      0.000427277     -0.000000317
      7.640000000      0.000427239     -0.000000321
      7.645000000      0.000427200     -0.000000325
      7.650000000      0.000427161     -0.000000329
      7.655000000      0.000427121     -0.000000333
      7.660000000      0.000427081     -0.000000337
      7.665000000      0.000427041     -0.000000342
      7.670000000      0.000427000     -0.000000346
      7.675000000      0.000426959     -0.000000350
      7.680000000      0.000426917     -0.000000355
      7.685000000      0.000426874     -0.000000360
      7.690000000      0.000426832     -0.000000364
      7.695000000      0.000426788     -0.000000369
      7.700000000      0.000426744     -0.000000374
      7.705000000      0.000426699     -0.000000379
      7.710000000      0.000426653     -0.000000384
      7.715000000      0.000426607     -0.000000389
      7.720000000      0.000426560     -0.000000395
      7.725000000      0.000426511     -0.000000400
      7.730000000      0.000426462     -0.000000406
      7.735000000      0.000426412     -0.000000411
      7.740000000      0.000426360     -0.000000417
      7.745000000      0.000426307     -0.000000423
      7.750000000      0.000426253     -0.000000429
      7.755000000      0.000426197     -0.000000435
      7.760000000      0.000426140     -0.000000442
      7.765000000      0.000426082     -0.000000448
      7.770000000      0.000426021     -0.000000455
      7.775000000      0.000425959     -0.000000462
      7.780000000      0.000425895     -0.000000469
      7.785000000      0.000425829     -0.000000476
      7.790000000      0.000425760     -0.000000483
      7.795000000      0.000425689     -0.000000490
      7.800000000      0.000425616     -0.000000498
      7.805000000      0.000425540     -0.000000506
      7.810000000      0.000425461     -0.000000514
      7.815000000      0.000425379     -0.000000522
      7.820000000      0.000425294     -0.000000530
      7.825000000      0.000425205     -0.000000538
      7.830000000      0.000425113     -0.000000547
      7.835000000      0.000425017     -0.000000556
      7.840000000      0.000424917     -0.000000565
      7.845000000      0.000424813     -0.000000575
      7.850000000      0.000424704     -0.000000584
      7.855000000      0.000424590     -0.000000594
      7.860000000      0.000424471     -0.000000604
      7.865000000      0.000424346     -0.000000615
      7.870000000      0.000424216     -0.000000625
      7.875000000      0.000424080     -0.000000636
      7.880000000      0.000423938     -0.000000647
      7.885000000      0.000423789     -0.000000659
      7.890000000      0.000423632     -0.000000671
      7.895000000      0.000423468     -0.000000683
      7.900000000      0.000423296     -0.000000695
      7.905000000      0.000423116     -0.000000708
      7.910000000      0.000422927     -0.000000721
      7.915000000      0.000422729     -0.000000734
      7.920000000      0.000422520     -0.000000748
      7.925000000      0.000422302     -0.000000762
      7.930000000      0.000422072     -0.000000777
      7.935000000      0.000421831     -0.000000792
      7.940000000      0.000421578     -0.000000807
      7.945000000      0.000421313     -0.000000823
      7.950000000      0.000421034     -0.000000839
      7.955000000      0.000420741     -0.000000856
      7.960000000      0.000420433     -0.000000873
      7.965000000      0.000420110     -0.000000891
      7.970000000      0.000419770     -0.000000909
      7.975000000      0.000419414     -0.000000928
      7.980000000      0.000419039     -0.000000948
      7.985000000      0.000418646     -0.000000967
      7.990000000      0.000418292     -0.000000988
      7.995000000      0.000417920     -0.000001010
      8.000000000      0.000417527     -0.000001032
      8.005000000      0.000417114     -0.000001054
      8.010000000      0.000416679     -0.000001078
      8.015000000      0.000416221     -0.000001102
      8.020000000      0.000415739     -0.000001127
      8.025000000      0.000415232     -0.000001153
      8.030000000      0.000414699     -0.000001180
      8.035000000      0.000414140     -0.000001207
      8.040000000      0.000413552     -0.000001235
      8.045000000      0.000412934     -0.000001265
      8.050000000      0.000412285     -0.000001295
      8.055000000      0.000411603     -0.000001326
      8.060000000      0.000410887     -0.000001359
      8.065000000      0.000410135     -0.000001392
      8.070000000      0.000409346     -0.000001427
      8.075000000      0.000408517     -0.000001463
      8.080000000      0.000407648     -0.000001500
      8.085000000      0.000406737     -0.000001538
      8.090000000      0.000405782     -0.000001578
      8.095000000      0.000404780     -0.000001619
      8.100000000      0.000403730     -0.000001661
      8.105000000      0.000402630     -0.000001705
      8.110000000      0.000401477     -0.000001751
      8.115000000      0.000400269     -0.000001798
      8.120000000      0.000399004     -0.000001847
      8.125000000      0.000397679     -0.000001898
      8.130000000      0.000396292     -0.000001951
      8.135000000      0.000394842     -0.000002005
      8.140000000      0.000393325     -0.000002062
      8.145000000      0.000391737     -0.000002121
      8.150000000      0.000390077     -0.000002182
      8.155000000      0.000388340     -0.000002245
      8.160000000      0.000386524     -0.000002310
      8.165000000      0.000384625     -0.000002378
      8.170000000      0.000382640     -0.000002448
      8.175000000      0.000380566     -0.000002521
      8.180000000      0.000378399     -0.000002597
      8.185000000      0.000376138     -0.000002675
      8.190000000      0.000373806     -0.000002757
      8.195000000      0.000371413     -0.000002843
      8.200000000      0.000368957     -0.000002932
      8.205000000      0.000366434     -0.000003026
      8.210000000      0.000363843     -0.000003124
      8.215000000      0.000361182     -0.000003226
      8.220000000      0.000358447     -0.000003333
      8.225000000      0.000355636     -0.000003446
      8.230000000      0.000352745     -0.000003564
      8.235000000      0.000349772     -0.000003687
      8.240000000      0.000346719     -0.000003817
      8.245000000      0.000343577     -0.000003953
      8.250000000      0.000340343     -0.000004096
      8.255000000      0.000337011     -0.000004246
      8.260000000      0.000333579     -0.000004403
      8.265000000      0.000330041     -0.000004569
      8.270000000      0.000326393     -0.000004742
      8.275000000      0.000322630     -0.000004923
      8.280000000      0.000318747     -0.000005114
      8.285000000      0.000314738     -0.000005313
      8.290000000      0.000310605     -0.000005522
      8.295000000      0.000306335     -0.000005740
      8.300000000      0.000301921     -0.000005967
      8.305000000      0.000297358     -0.000006204
      8.310000000      0.000292638     -0.000006449
      8.315000000      0.000287756     -0.000006702
      8.320000000      0.000282705     -0.000006963
      8.325000000      0.000277479     -0.000007229
      8.330000000      0.000272073     -0.000007501
      8.335000000      0.000266490     -0.000007776
      8.340000000      0.000260719     -0.000008051
      8.345000000      0.000254755     -0.000008324
      8.350000000      0.000248600     -0.000008591
      8.355000000      0.000242254     -0.000008848
      8.360000000      0.000235722     -0.000009092
      8.365000000      0.000230217     -0.000009396
      8.370000000      0.000226481     -0.000009972
      8.375000000      0.000223343     -0.000010826
      8.380000000      0.000219894     -0.000011746
      8.385000000      0.000216095     -0.000012724
      8.390000000      0.000211880     -0.000013732
      8.395000000      0.000207189     -0.000014732
      8.400000000      0.000201987     -0.000015678
      8.405000000      0.000196225     -0.000016500
      8.410000000      0.000189910     -0.000017139
      8.415000000      0.000183095     -0.000017553
      8.420000000      0.000175884     -0.000017735
      8.425000000      0.000168406     -0.000017711
      8.430000000      0.000160796     -0.000017524
      8.435000000      0.000153149     -0.000017214
      8.440000000      0.000145571     -0.000016833
      8.445000000      0.000138116     -0.000016410
      8.450000000      0.000130817     -0.000015963
      8.455000000      0.000123694     -0.000015504
      8.460000000      0.000116759     -0.000015039
      8.465000000      0.000110019     -0.000014573
      8.470000000      0.000103477     -0.000014108
      8.475000000      0.000097136     -0.000013645
      8.480000000      0.000090985     -0.000013175
      8.485000000      0.000085042     -0.000012713
      8.490000000      0.000079304     -0.000012256
      8.495000000      0.000073770     -0.000011804
      8.500000000      0.000068437     -0.000011354
      8.505000000      0.000063306     -0.000010907
      8.510000000      0.000058376     -0.000010463
      8.515000000      0.000053646     -0.000010021
      8.520000000      0.000049117     -0.000009580
      8.525000000      0.000044789     -0.000009142
      8.530000000      0.000040653     -0.000008694
      8.535000000      0.000036723     -0.000008255
      8.540000000      0.000032996     -0.000007821
      8.545000000      0.000029469     -0.000007388
      8.550000000      0.000026142     -0.000006956
      8.555000000      0.000023014     -0.000006526
      8.560000000      0.000020086     -0.000006096
      8.565000000      0.000017352     -0.000005656
      8.570000000      0.000014824     -0.000005227
      8.575000000      0.000012495     -0.000004800
      8.580000000      0.000010365     -0.000004373
      8.585000000      0.000008433     -0.000003946
      8.590000000      0.000006699     -0.000003510
      8.595000000      0.000005167     -0.000003085
      8.600000000      0.000003833     -0.000002659
      8.605000000      0.000002697     -0.000002225
      8.610000000      0.000001762     -0.000001801
