       1    1896        0.0
      0.000000000     -0.007702757      0.121378227
      0.005000000     -0.007707166      0.121405736
      0.010000000     -0.007711581      0.121433272
      0.015000000     -0.007716001      0.121460823
      0.020000000     -0.007720426      0.121488392
      0.025000000     -0.007724856      0.121515981
      0.030000000     -0.007729292      0.121543592
      0.035000000     -0.007733733      0.121571222
      0.040000000     -0.007738180      0.121598874
      0.045000000     -0.007742632      0.121626545
      0.050000000     -0.007747089      0.121654236
      0.055000000     -0.007751552      0.121681948
      0.060000000     -0.007756021      0.121709679
      0.065000000     -0.007760495      0.121737431
      0.070000000     -0.007764974      0.121765204
      0.075000000     -0.007769459      0.121792996
      0.080000000     -0.007773950      0.121820810
      0.085000000     -0.007778445      0.121848644
      0.090000000     -0.007782922      0.121876407
      0.095000000     -0.007787403      0.121904185
      0.100000000     -0.007791888      0.121931978
      0.105000000     -0.007796378      0.121959787
      0.110000000     -0.007800871      0.121987610
      0.115000000     -0.007805368      0.122015449
      0.120000000     -0.007809870      0.122043304
      0.125000000     -0.007814375      0.122071173
      0.130000000     -0.007818885      0.122099059
      0.135000000     -0.007823399      0.122126959
      0.140000000     -0.007827917      0.122154875
      0.145000000     -0.007832439      0.122182806
      0.150000000     -0.007836966      0.122210752
      0.155000000     -0.007841496      0.122238714
      0.160000000     -0.007846031      0.122266691
      0.165000000     -0.007850570      0.122294683
      0.170000000     -0.007855113      0.122322691
      0.175000000     -0.007859660      0.122350714
      0.180000000     -0.007864211      0.122378753
      0.185000000     -0.007868767      0.122406808
      0.190000000     -0.007873327      0.122434877
      0.195000000     -0.007877891      0.122462963
      0.200000000     -0.007882459      0.122491064
      0.205000000     -0.007887031      0.122519180
      0.210000000     -0.007891608      0.122547312
      0.215000000     -0.007896189      0.122575459
      0.220000000     -0.007900774      0.122603622
      0.225000000     -0.007905363      0.122631801
      0.230000000     -0.007909957      0.122659995
      0.235000000     -0.007914554      0.122688205
      0.240000000     -0.007919156      0.122716430
      0.245000000     -0.007923763      0.122744671
      0.250000000     -0.007928373      0.122772927
      0.255000000     -0.007932988      0.122801199
      0.260000000     -0.007937607      0.122829486
      0.265000000     -0.007942230      0.122857789
      0.270000000     -0.007946858      0.122886108
      0.275000000     -0.007951490      0.122914443
      0.280000000     -0.007956126      0.122942793
      0.285000000     -0.007960766      0.122971159
      0.290000000     -0.007965411      0.122999541
      0.295000000     -0.007970060      0.123027939
      0.300000000     -0.007974714      0.123056352
      0.305000000     -0.007979371      0.123084781
      0.310000000     -0.007984033      0.123113226
      0.315000000     -0.007988700      0.123141687
      0.320000000     -0.007993370      0.123170164
      0.325000000     -0.007998045      0.123198657
      0.330000000     -0.008002725      0.123227165
      0.335000000     -0.008007408      0.123255689
      0.340000000     -0.008012097      0.123284229
      0.345000000     -0.008016789      0.123312785
      0.350000000     -0.008021486      0.123341357
      0.355000000     -0.008026187      0.123369945
      0.360000000     -0.008030892      0.123398548
      0.365000000     -0.008035602      0.123427168
      0.370000000     -0.008040317      0.123455803
      0.375000000     -0.008045035      0.123484454
      0.380000000     -0.008049758      0.123513122
      0.385000000     -0.008054486      0.123541805
      0.390000000     -0.008059218      0.123570505
      0.395000000     -0.008063954      0.123599221
      0.400000000     -0.008068695      0.123627953
      0.405000000     -0.008073440      0.123656701
      0.410000000     -0.008078190      0.123685465
      0.415000000     -0.008082944      0.123714245
      0.420000000     -0.008087703      0.123743041
      0.425000000     -0.008092466      0.123771854
      0.430000000     -0.008097233      0.123800682
      0.435000000     -0.008102005      0.123829527
      0.440000000     -0.008106781      0.123858388
      0.445000000     -0.008111562      0.123887265
      0.450000000     -0.008116348      0.123916158
      0.455000000     -0.008121137      0.123945067
      0.460000000     -0.008125932      0.123973992
      0.465000000     -0.008130730      0.124002934
      0.470000000     -0.008135534      0.124031892
      0.475000000     -0.008140341      0.124060866
      0.480000000     -0.008145154      0.124089856
      0.485000000     -0.008149970      0.124118863
      0.490000000     -0.008154792      0.124147886
      0.495000000     -0.008159618      0.124176925
      0.500000000     -0.008164448      0.124205981
      0.505000000     -0.008169283      0.124235054
      0.510000000     -0.008174123      0.124264142
      0.515000000     -0.008178967      0.124293247
      0.520000000     -0.008183815      0.124322368
      0.525000000     -0.008188668      0.124351506
      0.530000000     -0.008193526      0.124380660
      0.535000000     -0.008198389      0.124409831
      0.540000000     -0.008203255      0.124439018
      0.545000000     -0.008208127      0.124468222
      0.550000000     -0.008213003      0.124497441
      0.555000000     -0.008217884      0.124526678
      0.560000000     -0.008222769      0.124555931
      0.565000000     -0.008227659      0.124585200
      0.570000000     -0.008232553      0.124614486
      0.575000000     -0.008237452      0.124643788
      0.580000000     -0.008242356      0.124673106
      0.585000000     -0.008247264      0.124702442
      0.590000000     -0.008252177      0.124731794
      0.595000000     -0.008257095      0.124761162
      0.600000000     -0.008262017      0.124790548
      0.605000000     -0.008266944      0.124819949
      0.610000000     -0.008271876      0.124849368
      0.615000000     -0.008276812      0.124878804
      0.620000000     -0.008281753      0.124908256
      0.625000000     -0.008286699      0.124937724
      0.630000000     -0.008291649      0.124967210
      0.635000000     -0.008296604      0.124996712
      0.640000000     -0.008301564      0.125026231
      0.645000000     -0.008306528      0.125055767
      0.650000000     -0.008311497      0.125085319
      0.655000000     -0.008316471      0.125114889
      0.660000000     -0.008321450      0.125144475
      0.665000000     -0.008326433      0.125174077
      0.670000000     -0.008331421      0.125203697
      0.675000000     -0.008336414      0.125233333
      0.680000000     -0.008341411      0.125262986
      0.685000000     -0.008346414      0.125292656
      0.690000000     -0.008351421      0.125322343
      0.695000000     -0.008356433      0.125352047
      0.700000000     -0.008361449      0.125381768
      0.705000000     -0.008366471      0.125411506
      0.710000000     -0.008371497      0.125441261
      0.715000000     -0.008376528      0.125471033
      0.720000000     -0.008381563      0.125500822
      0.725000000     -0.008386604      0.125530628
      0.730000000     -0.008391649      0.125560451
      0.735000000     -0.008396700      0.125590292
      0.740000000     -0.008401755      0.125620149
      0.745000000     -0.008406815      0.125650023
      0.750000000     -0.008411879      0.125679914
      0.755000000     -0.008416949      0.125709823
      0.760000000     -0.008422023      0.125739748
      0.765000000     -0.008427102      0.125769691
      0.770000000     -0.008432187      0.125799650
      0.775000000     -0.008437275      0.125829627
      0.780000000     -0.008442369      0.125859621
      0.785000000     -0.008447468      0.125889632
      0.790000000     -0.008452571      0.125919660
      0.795000000     -0.008457680      0.125949706
      0.800000000     -0.008462793      0.125979768
      0.805000000     -0.008467912      0.126009848
      0.810000000     -0.008473035      0.126039946
      0.815000000     -0.008478163      0.126070061
      0.820000000     -0.008483296      0.126100193
      0.825000000     -0.008488434      0.126130342
      0.830000000     -0.008493577      0.126160509
      0.835000000     -0.008498725      0.126190693
      0.840000000     -0.008503877      0.126220894
      0.845000000     -0.008509035      0.126251113
      0.850000000     -0.008514198      0.126281349
      0.855000000     -0.008519366      0.126311602
      0.860000000     -0.008524538      0.126341873
      0.865000000     -0.008529716      0.126372162
      0.870000000     -0.008534898      0.126402467
      0.875000000     -0.008540086      0.126432790
      0.880000000     -0.008545278      0.126463131
      0.885000000     -0.008550476      0.126493489
      0.890000000     -0.008555679      0.126523864
      0.895000000     -0.008560886      0.126554257
      0.900000000     -0.008566099      0.126584667
      0.905000000     -0.008571316      0.126615095
      0.910000000     -0.008576539      0.126645541
      0.915000000     -0.008581767      0.126676004
      0.920000000     -0.008587000      0.126706485
      0.925000000     -0.008592237      0.126736984
      0.930000000     -0.008597480      0.126767500
      0.935000000     -0.008602728      0.126798034
      0.940000000     -0.008607982      0.126828586
      0.945000000     -0.008613240      0.126859155
      0.950000000     -0.008618503      0.126889742
      0.955000000     -0.008623771      0.126920347
      0.960000000     -0.008629045      0.126950970
      0.965000000     -0.008634323      0.126981610
      0.970000000     -0.008639607      0.127012268
      0.975000000     -0.008644896      0.127042944
      0.980000000     -0.008650190      0.127073637
      0.985000000     -0.008655489      0.127104348
      0.990000000     -0.008660793      0.127135077
      0.995000000     -0.008666102      0.127165824
      1.000000000     -0.008671417      0.127196589
      1.005000000     -0.008676737      0.127227371
      1.010000000     -0.008682061      0.127258172
      1.015000000     -0.008687392      0.127288991
      1.020000000     -0.008692727      0.127319827
      1.025000000     -0.008698067      0.127350682
      1.030000000     -0.008703413      0.127381555
      1.035000000     -0.008708764      0.127412445
      1.040000000     -0.008714120      0.127443354
      1.045000000     -0.008719481      0.127474281
      1.050000000     -0.008724848      0.127505226
      1.055000000     -0.008730220      0.127536188
      1.060000000     -0.008735597      0.127567169
      1.065000000     -0.008740979      0.127598168
      1.070000000     -0.008746366      0.127629185
      1.075000000     -0.008751759      0.127660221
      1.080000000     -0.008757157      0.127691274
      1.085000000     -0.008762561      0.127722345
      1.090000000     -0.008767969      0.127753435
      1.095000000     -0.008773383      0.127784542
      1.100000000     -0.008778802      0.127815668
      1.105000000     -0.008784227      0.127846812
      1.110000000     -0.008789656      0.127877974
      1.115000000     -0.008795091      0.127909155
      1.120000000     -0.008800532      0.127940354
      1.125000000     -0.008805978      0.127971571
      1.130000000     -0.008811429      0.128002806
      1.135000000     -0.008816885      0.128034060
      1.140000000     -0.008822347      0.128065333
      1.145000000     -0.008827814      0.128096623
      1.150000000     -0.008833287      0.128127932
      1.155000000     -0.008838765      0.128159260
      1.160000000     -0.008844248      0.128190605
      1.165000000     -0.008849737      0.128221969
      1.170000000     -0.008855231      0.128253352
      1.175000000     -0.008860730      0.128284753
      1.180000000     -0.008866235      0.128316173
      1.185000000     -0.008871746      0.128347610
      1.190000000     -0.008877261      0.128379067
      1.195000000     -0.008882782      0.128410541
      1.200000000     -0.008888309      0.128442035
      1.205000000     -0.008893841      0.128473547
      1.210000000     -0.008899378      0.128505077
      1.215000000     -0.008904921      0.128536626
      1.220000000     -0.008910470      0.128568193
      1.225000000     -0.008916023      0.128599779
      1.230000000     -0.008921583      0.128631384
      1.235000000     -0.008927148      0.128663008
      1.240000000     -0.008932718      0.128694650
      1.245000000     -0.008938294      0.128726311
      1.250000000     -0.008943875      0.128757991
      1.255000000     -0.008949462      0.128789689
      1.260000000     -0.008955055      0.128821406
      1.265000000     -0.008960653      0.128853142
      1.270000000     -0.008966256      0.128884897
      1.275000000     -0.008971865      0.128916671
      1.280000000     -0.008977480      0.128948463
      1.285000000     -0.008983100      0.128980275
      1.290000000     -0.008988726      0.129012104
      1.295000000     -0.008994357      0.129043953
      1.300000000     -0.008999994      0.129075821
      1.305000000     -0.009005636      0.129107707
      1.310000000     -0.009011284      0.129139613
      1.315000000     -0.009016938      0.129171537
      1.320000000     -0.009022597      0.129203480
      1.325000000     -0.009028262      0.129235443
      1.330000000     -0.009033933      0.129267424
      1.335000000     -0.009039609      0.129299425
      1.340000000     -0.009045291      0.129331444
      1.345000000     -0.009050978      0.129363483
      1.350000000     -0.009056671      0.129395541
      1.355000000     -0.009062370      0.129427618
      1.360000000     -0.009068075      0.129459714
      1.365000000     -0.009073785      0.129491829
      1.370000000     -0.009079501      0.129523963
      1.375000000     -0.009085223      0.129556117
      1.380000000     -0.009090950      0.129588290
      1.385000000     -0.009096683      0.129620481
      1.390000000     -0.009102422      0.129652692
      1.395000000     -0.009108166      0.129684923
      1.400000000     -0.009113917      0.129717172
      1.405000000     -0.009119673      0.129749441
      1.410000000     -0.009125434      0.129781729
      1.415000000     -0.009131202      0.129814036
      1.420000000     -0.009136975      0.129846362
      1.425000000     -0.009142754      0.129878708
      1.430000000     -0.009148539      0.129911073
      1.435000000     -0.009154329      0.129943457
      1.440000000     -0.009160126      0.129975861
      1.445000000     -0.009165928      0.130008285
      1.450000000     -0.009171736      0.130040728
      1.455000000     -0.009177550      0.130073190
      1.460000000     -0.009183370      0.130105672
      1.465000000     -0.009189195      0.130138173
      1.470000000     -0.009195026      0.130170694
      1.475000000     -0.009200864      0.130203235
      1.480000000     -0.009206707      0.130235795
      1.485000000     -0.009212556      0.130268374
      1.490000000     -0.009218411      0.130300973
      1.495000000     -0.009224271      0.130333592
      1.500000000     -0.009230138      0.130366230
      1.505000000     -0.009236011      0.130398887
      1.510000000     -0.009241889      0.130431564
      1.515000000     -0.009247773      0.130464261
      1.520000000     -0.009253663      0.130496978
      1.525000000     -0.009259560      0.130529714
      1.530000000     -0.009265462      0.130562470
      1.535000000     -0.009271370      0.130595245
      1.540000000     -0.009277284      0.130628041
      1.545000000     -0.009283204      0.130660856
      1.550000000     -0.009289130      0.130693691
      1.555000000     -0.009295062      0.130726546
      1.560000000     -0.009301000      0.130759421
      1.565000000     -0.009306944      0.130792315
      1.570000000     -0.009312894      0.130825230
      1.575000000     -0.009318850      0.130858164
      1.580000000     -0.009324812      0.130891119
      1.585000000     -0.009330780      0.130924093
      1.590000000     -0.009336754      0.130957087
      1.595000000     -0.009342734      0.130990102
      1.600000000     -0.009348720      0.131023136
      1.605000000     -0.009354713      0.131056190
      1.610000000     -0.009360711      0.131089264
      1.615000000     -0.009366715      0.131122358
      1.620000000     -0.009372726      0.131155472
      1.625000000     -0.009378742      0.131188606
      1.630000000     -0.009384765      0.131221760
      1.635000000     -0.009390794      0.131254935
      1.640000000     -0.009396829      0.131288129
      1.645000000     -0.009402870      0.131321344
      1.650000000     -0.009408917      0.131354579
      1.655000000     -0.009414971      0.131387835
      1.660000000     -0.009421030      0.131421110
      1.665000000     -0.009427096      0.131454406
      1.670000000     -0.009433168      0.131487722
      1.675000000     -0.009439246      0.131521059
      1.680000000     -0.009445330      0.131554416
      1.685000000     -0.009451421      0.131587793
      1.690000000     -0.009457518      0.131621190
      1.695000000     -0.009463621      0.131654608
      1.700000000     -0.009469730      0.131688046
      1.705000000     -0.009475845      0.131721505
      1.710000000     -0.009481967      0.131754984
      1.715000000     -0.009488095      0.131788483
      1.720000000     -0.009494229      0.131822003
      1.725000000     -0.009500369      0.131855543
      1.730000000     -0.009506516      0.131889103
      1.735000000     -0.009512669      0.131922684
      1.740000000     -0.009518828      0.131956286
      1.745000000     -0.009524994      0.131989908
      1.750000000     -0.009531166      0.132023551
      1.755000000     -0.009537344      0.132057214
      1.760000000     -0.009543528      0.132090898
      1.765000000     -0.009549719      0.132124603
      1.770000000     -0.009555917      0.132158328
      1.775000000     -0.009562120      0.132192075
      1.780000000     -0.009568330      0.132225841
      1.785000000     -0.009574547      0.132259629
      1.790000000     -0.009580769      0.132293437
      1.795000000     -0.009586998      0.132327266
      1.800000000     -0.009593234      0.132361116
      1.805000000     -0.009599476      0.132394987
      1.810000000     -0.009605724      0.132428878
      1.815000000     -0.009611979      0.132462790
      1.820000000     -0.009618240      0.132496723
      1.825000000     -0.009624508      0.132530676
      1.830000000     -0.009630782      0.132564651
      1.835000000     -0.009637062      0.132598646
      1.840000000     -0.009643349      0.132632662
      1.845000000     -0.009649643      0.132666699
      1.850000000     -0.009655943      0.132700757
      1.855000000     -0.009662249      0.132734836
      1.860000000     -0.009668562      0.132768936
      1.865000000     -0.009674882      0.132803058
      1.870000000     -0.009681208      0.132837200
      1.875000000     -0.009687412      0.132870489
      1.880000000     -0.009693366      0.132902057
      1.885000000     -0.009699069      0.132931895
      1.890000000     -0.009704521      0.132960003
      1.895000000     -0.009709722      0.132986380
      1.900000000     -0.009714671      0.133011025
      1.905000000     -0.009719368      0.133033937
      1.910000000     -0.009723812      0.133055116
      1.915000000     -0.009728005      0.133074560
      1.920000000     -0.009731945      0.133092270
      1.925000000     -0.009735633      0.133108244
      1.930000000     -0.009739067      0.133122482
      1.935000000     -0.009742249      0.133134983
      1.940000000     -0.009745178      0.133145746
      1.945000000     -0.009747853      0.133154771
      1.950000000     -0.009750274      0.133162057
      1.955000000     -0.009752442      0.133167603
      1.960000000     -0.009754356      0.133171408
      1.965000000     -0.009756016      0.133173473
      1.970000000     -0.009757421      0.133173795
      1.975000000     -0.009758572      0.133172375
      1.980000000     -0.009759468      0.133169211
      1.985000000     -0.009760109      0.133164303
      1.990000000     -0.009760495      0.133157650
      1.995000000     -0.009760626      0.133149252
      2.000000000     -0.009760502      0.133139107
      2.005000000     -0.009760121      0.133127215
      2.010000000     -0.009759485      0.133113575
      2.015000000     -0.009758593      0.133098186
      2.020000000     -0.009757444      0.133081048
      2.025000000     -0.009756040      0.133062160
      2.030000000     -0.009754378      0.133041522
      2.035000000     -0.009752459      0.133019131
      2.040000000     -0.009750284      0.132994989
      2.045000000     -0.009747851      0.132969093
      2.050000000     -0.009745290      0.132942318
      2.055000000     -0.009742726      0.132915531
      2.060000000     -0.009740163      0.132888739
      2.065000000     -0.009737600      0.132861943
      2.070000000     -0.009735036      0.132835143
      2.075000000     -0.009732473      0.132808338
      2.080000000     -0.009729909      0.132781530
      2.085000000     -0.009727345      0.132754717
      2.090000000     -0.009724781      0.132727899
      2.095000000     -0.009722217      0.132701077
      2.100000000     -0.009719652      0.132674251
      2.105000000     -0.009717088      0.132647421
      2.110000000     -0.009714523      0.132620586
      2.115000000     -0.009711959      0.132593747
      2.120000000     -0.009709394      0.132566904
      2.125000000     -0.009706829      0.132540056
      2.130000000     -0.009704263      0.132513204
      2.135000000     -0.009701698      0.132486347
      2.140000000     -0.009699132      0.132459486
      2.145000000     -0.009696567      0.132432620
      2.150000000     -0.009694001      0.132405751
      2.155000000     -0.009691435      0.132378876
      2.160000000     -0.009688869      0.132351998
      2.165000000     -0.009686302      0.132325114
      2.170000000     -0.009683736      0.132298227
      2.175000000     -0.009681169      0.132271336
      2.180000000     -0.009678603      0.132244440
      2.185000000     -0.009676036      0.132217540
      2.190000000     -0.009673469      0.132190635
      2.195000000     -0.009670902      0.132163726
      2.200000000     -0.009668335      0.132136813
      2.205000000     -0.009665767      0.132109895
      2.210000000     -0.009663200      0.132082973
      2.215000000     -0.009660632      0.132056047
      2.220000000     -0.009658064      0.132029116
      2.225000000     -0.009655496      0.132002181
      2.230000000     -0.009652928      0.131975242
      2.235000000     -0.009650360      0.131948298
      2.240000000     -0.009647791      0.131921350
      2.245000000     -0.009645223      0.131894397
      2.250000000     -0.009642654      0.131867439
      2.255000000     -0.009640085      0.131840478
      2.260000000     -0.009637516      0.131813512
      2.265000000     -0.009634947      0.131786541
      2.270000000     -0.009632378      0.131759567
      2.275000000     -0.009629808      0.131732587
      2.280000000     -0.009627239      0.131705604
      2.285000000     -0.009624669      0.131678617
      2.290000000     -0.009622099      0.131651624
      2.295000000     -0.009619529      0.131624628
      2.300000000     -0.009616959      0.131597628
      2.305000000     -0.009614389      0.131570622
      2.310000000     -0.009611819      0.131543613
      2.315000000     -0.009609248      0.131516599
      2.320000000     -0.009606677      0.131489581
      2.325000000     -0.009604107      0.131462558
      2.330000000     -0.009601536      0.131435531
      2.335000000     -0.009598965      0.131408500
      2.340000000     -0.009596393      0.131381464
      2.345000000     -0.009593822      0.131354423
      2.350000000     -0.009591250      0.131327378
      2.355000000     -0.009588679      0.131300329
      2.360000000     -0.009586107      0.131273275
      2.365000000     -0.009583535      0.131246216
      2.370000000     -0.009580963      0.131219154
      2.375000000     -0.009578390      0.131192087
      2.380000000     -0.009575818      0.131165015
      2.385000000     -0.009573245      0.131137939
      2.390000000     -0.009570673      0.131110859
      2.395000000     -0.009568100      0.131083774
      2.400000000     -0.009565527      0.131056685
      2.405000000     -0.009562954      0.131029592
      2.410000000     -0.009560380      0.131002494
      2.415000000     -0.009557807      0.130975392
      2.420000000     -0.009555233      0.130948285
      2.425000000     -0.009552660      0.130921174
      2.430000000     -0.009550086      0.130894058
      2.435000000     -0.009547512      0.130866938
      2.440000000     -0.009544938      0.130839813
      2.445000000     -0.009542363      0.130812684
      2.450000000     -0.009539789      0.130785551
      2.455000000     -0.009537214      0.130758412
      2.460000000     -0.009534639      0.130731270
      2.465000000     -0.009532064      0.130704122
      2.470000000     -0.009529489      0.130676971
      2.475000000     -0.009526914      0.130649814
      2.480000000     -0.009524338      0.130622654
      2.485000000     -0.009521763      0.130595489
      2.490000000     -0.009519187      0.130568319
      2.495000000     -0.009516611      0.130541145
      2.500000000     -0.009514035      0.130513967
      2.505000000     -0.009511459      0.130486784
      2.510000000     -0.009508883      0.130459597
      2.515000000     -0.009506307      0.130432405
      2.520000000     -0.009503730      0.130405209
      2.525000000     -0.009501154      0.130378009
      2.530000000     -0.009498577      0.130350804
      2.535000000     -0.009496000      0.130323594
      2.540000000     -0.009493423      0.130296380
      2.545000000     -0.009490845      0.130269161
      2.550000000     -0.009488268      0.130241938
      2.555000000     -0.009485690      0.130214710
      2.560000000     -0.009483113      0.130187478
      2.565000000     -0.009480535      0.130160241
      2.570000000     -0.009477957      0.130133000
      2.575000000     -0.009475378      0.130105754
      2.580000000     -0.009472800      0.130078504
      2.585000000     -0.009470222      0.130051249
      2.590000000     -0.009467643      0.130023990
      2.595000000     -0.009465064      0.129996727
      2.600000000     -0.009462485      0.129969459
      2.605000000     -0.009459906      0.129942186
      2.610000000     -0.009457327      0.129914909
      2.615000000     -0.009454748      0.129887628
      2.620000000     -0.009452168      0.129860342
      2.625000000     -0.009449589      0.129833052
      2.630000000     -0.009447009      0.129805757
      2.635000000     -0.009444429      0.129778458
      2.640000000     -0.009441849      0.129751154
      2.645000000     -0.009439269      0.129723846
      2.650000000     -0.009436689      0.129696533
      2.655000000     -0.009434108      0.129669215
      2.660000000     -0.009431527      0.129641893
      2.665000000     -0.009428947      0.129614566
      2.670000000     -0.009426366      0.129587235
      2.675000000     -0.009423784      0.129559899
      2.680000000     -0.009421203      0.129532559
      2.685000000     -0.009418622      0.129505214
      2.690000000     -0.009416040      0.129477864
      2.695000000     -0.009413458      0.129450510
      2.700000000     -0.009410877      0.129423152
      2.705000000     -0.009408295      0.129395789
      2.710000000     -0.009405713      0.129368422
      2.715000000     -0.009403130      0.129341050
      2.720000000     -0.009400548      0.129313673
      2.725000000     -0.009397965      0.129286292
      2.730000000     -0.009395383      0.129258907
      2.735000000     -0.009392800      0.129231517
      2.740000000     -0.009390217      0.129204122
      2.745000000     -0.009387634      0.129176723
      2.750000000     -0.009385050      0.129149319
      2.755000000     -0.009382467      0.129121911
      2.760000000     -0.009379883      0.129094497
      2.765000000     -0.009377299      0.129067080
      2.770000000     -0.009374715      0.129039657
      2.775000000     -0.009372131      0.129012230
      2.780000000     -0.009369547      0.128984799
      2.785000000     -0.009366962      0.128957362
      2.790000000     -0.009364378      0.128929922
      2.795000000     -0.009361793      0.128902476
      2.800000000     -0.009359208      0.128875026
      2.805000000     -0.009356623      0.128847572
      2.810000000     -0.009354038      0.128820113
      2.815000000     -0.009351453      0.128792649
      2.820000000     -0.009348867      0.128765181
      2.825000000     -0.009346281      0.128737709
      2.830000000     -0.009343696      0.128710231
      2.835000000     -0.009341110      0.128682750
      2.840000000     -0.009338524      0.128655263
      2.845000000     -0.009335938      0.128627772
      2.850000000     -0.009333351      0.128600277
      2.855000000     -0.009330765      0.128572777
      2.860000000     -0.009328178      0.128545272
      2.865000000     -0.009325591      0.128517762
      2.870000000     -0.009323004      0.128490248
      2.875000000     -0.009320417      0.128462729
      2.880000000     -0.009317830      0.128435206
      2.885000000     -0.009315242      0.128407677
      2.890000000     -0.009312655      0.128380145
      2.895000000     -0.009310067      0.128352607
      2.900000000     -0.009307479      0.128325066
      2.905000000     -0.009304891      0.128297519
      2.910000000     -0.009302303      0.128269968
      2.915000000     -0.009299714      0.128242413
      2.920000000     -0.009297126      0.128214852
      2.925000000     -0.009294537      0.128187288
      2.930000000     -0.009291949      0.128159719
      2.935000000     -0.009289360      0.128132145
      2.940000000     -0.009286771      0.128104566
      2.945000000     -0.009284181      0.128076983
      2.950000000     -0.009281592      0.128049396
      2.955000000     -0.009279003      0.128021803
      2.960000000     -0.009276413      0.127994206
      2.965000000     -0.009273823      0.127966605
      2.970000000     -0.009271233      0.127938998
      2.975000000     -0.009268643      0.127911387
      2.980000000     -0.009266053      0.127883771
      2.985000000     -0.009263462      0.127856151
      2.990000000     -0.009260872      0.127828525
      2.995000000     -0.009258281      0.127800896
      3.000000000     -0.009255690      0.127773261
      3.005000000     -0.009253099      0.127745622
      3.010000000     -0.009250507      0.127717978
      3.015000000     -0.009247916      0.127690330
      3.020000000     -0.009245325      0.127662677
      3.025000000     -0.009242733      0.127635019
      3.030000000     -0.009240141      0.127607357
      3.035000000     -0.009237549      0.127579690
      3.040000000     -0.009234957      0.127552019
      3.045000000     -0.009232365      0.127524342
      3.050000000     -0.009229772      0.127496662
      3.055000000     -0.009227180      0.127468976
      3.060000000     -0.009224587      0.127441286
      3.065000000     -0.009221994      0.127413591
      3.070000000     -0.009219401      0.127385891
      3.075000000     -0.009216808      0.127358186
      3.080000000     -0.009214215      0.127330477
      3.085000000     -0.009211621      0.127302763
      3.090000000     -0.009209027      0.127275044
      3.095000000     -0.009206433      0.127247321
      3.100000000     -0.009203839      0.127219592
      3.105000000     -0.009201245      0.127191859
      3.110000000     -0.009198651      0.127164122
      3.115000000     -0.009196056      0.127136379
      3.120000000     -0.009193462      0.127108632
      3.125000000     -0.009190867      0.127080881
      3.130000000     -0.009188272      0.127053124
      3.135000000     -0.009185677      0.127025363
      3.140000000     -0.009183082      0.126997598
      3.145000000     -0.009180486      0.126969827
      3.150000000     -0.009177891      0.126942052
      3.155000000     -0.009175295      0.126914273
      3.160000000     -0.009172699      0.126886488
      3.165000000     -0.009170103      0.126858699
      3.170000000     -0.009167507      0.126830905
      3.175000000     -0.009164911      0.126803106
      3.180000000     -0.009162314      0.126775303
      3.185000000     -0.009159718      0.126747494
      3.190000000     -0.009157121      0.126719681
      3.195000000     -0.009154524      0.126691863
      3.200000000     -0.009151927      0.126664040
      3.205000000     -0.009149329      0.126636213
      3.210000000     -0.009146732      0.126608381
      3.215000000     -0.009144134      0.126580544
      3.220000000     -0.009141536      0.126552703
      3.225000000     -0.009138939      0.126524856
      3.230000000     -0.009136341      0.126497006
      3.235000000     -0.009133742      0.126469150
      3.240000000     -0.009131144      0.126441290
      3.245000000     -0.009128546      0.126413425
      3.250000000     -0.009125947      0.126385555
      3.255000000     -0.009123348      0.126357681
      3.260000000     -0.009120749      0.126329802
      3.265000000     -0.009118150      0.126301918
      3.270000000     -0.009115551      0.126274029
      3.275000000     -0.009112952      0.126246136
      3.280000000     -0.009110352      0.126218237
      3.285000000     -0.009107752      0.126190334
      3.290000000     -0.009105152      0.126162426
      3.295000000     -0.009102552      0.126134514
      3.300000000     -0.009099952      0.126106596
      3.305000000     -0.009097352      0.126078673
      3.310000000     -0.009094751      0.126050746
      3.315000000     -0.009092150      0.126022814
      3.320000000     -0.009089550      0.125994877
      3.325000000     -0.009086948      0.125966936
      3.330000000     -0.009084347      0.125938990
      3.335000000     -0.009081746      0.125911039
      3.340000000     -0.009079145      0.125883083
      3.345000000     -0.009076543      0.125855122
      3.350000000     -0.009073941      0.125827157
      3.355000000     -0.009071339      0.125799187
      3.360000000     -0.009068737      0.125771212
      3.365000000     -0.009066135      0.125743233
      3.370000000     -0.009063533      0.125715248
      3.375000000     -0.009060930      0.125687259
      3.380000000     -0.009058327      0.125659265
      3.385000000     -0.009055724      0.125631265
      3.390000000     -0.009053121      0.125603261
      3.395000000     -0.009050518      0.125575253
      3.400000000     -0.009047915      0.125547239
      3.405000000     -0.009045311      0.125519220
      3.410000000     -0.009042707      0.125491197
      3.415000000     -0.009040103      0.125463168
      3.420000000     -0.009037499      0.125435135
      3.425000000     -0.009034895      0.125407097
      3.430000000     -0.009032291      0.125379054
      3.435000000     -0.009029686      0.125351006
      3.440000000     -0.009027081      0.125322954
      3.445000000     -0.009024477      0.125294896
      3.450000000     -0.009021872      0.125266834
      3.455000000     -0.009019267      0.125238768
      3.460000000     -0.009016661      0.125210696
      3.465000000     -0.009014056      0.125182619
      3.470000000     -0.009011450      0.125154538
      3.475000000     -0.009008844      0.125126452
      3.480000000     -0.009006238      0.125098361
      3.485000000     -0.009003632      0.125070265
      3.490000000     -0.009001026      0.125042164
      3.495000000     -0.008998420      0.125014058
      3.500000000     -0.008995813      0.124985947
      3.505000000     -0.008993206      0.124957832
      3.510000000     -0.008990599      0.124929711
      3.515000000     -0.008987992      0.124901585
      3.520000000     -0.008985385      0.124873455
      3.525000000     -0.008982777      0.124845320
      3.530000000     -0.008980170      0.124817180
      3.535000000     -0.008977562      0.124789035
      3.540000000     -0.008974954      0.124760885
      3.545000000     -0.008972346      0.124732731
      3.550000000     -0.008969738      0.124704571
      3.555000000     -0.008967130      0.124676407
      3.560000000     -0.008964521      0.124648238
      3.565000000     -0.008961912      0.124620065
      3.570000000     -0.008959304      0.124591886
      3.575000000     -0.008956695      0.124563702
      3.580000000     -0.008954086      0.124535514
      3.585000000     -0.008951476      0.124507320
      3.590000000     -0.008948867      0.124479122
      3.595000000     -0.008946257      0.124450919
      3.600000000     -0.008943647      0.124422710
      3.605000000     -0.008941038      0.124394497
      3.610000000     -0.008938427      0.124366279
      3.615000000     -0.008935817      0.124338056
      3.620000000     -0.008933207      0.124309827
      3.625000000     -0.008930596      0.124281594
      3.630000000     -0.008927985      0.124253356
      3.635000000     -0.008925374      0.124225113
      3.640000000     -0.008922763      0.124196866
      3.645000000     -0.008920152      0.124168613
      3.650000000     -0.008917540      0.124140355
      3.655000000     -0.008914929      0.124112093
      3.660000000     -0.008912317      0.124083826
      3.665000000     -0.008909705      0.124055553
      3.670000000     -0.008907093      0.124027276
      3.675000000     -0.008904481      0.123998994
      3.680000000     -0.008901869      0.123970707
      3.685000000     -0.008899256      0.123942415
      3.690000000     -0.008896643      0.123914118
      3.695000000     -0.008894030      0.123885816
      3.700000000     -0.008891417      0.123857509
      3.705000000     -0.008888804      0.123829197
      3.710000000     -0.008886191      0.123800880
      3.715000000     -0.008883577      0.123772557
      3.720000000     -0.008880963      0.123744230
      3.725000000     -0.008878349      0.123715898
      3.730000000     -0.008875735      0.123687561
      3.735000000     -0.008873121      0.123659218
      3.740000000     -0.008870506      0.123630871
      3.745000000     -0.008867892      0.123602519
      3.750000000     -0.008865277      0.123574162
      3.755000000     -0.008862662      0.123545800
      3.760000000     -0.008860047      0.123517433
      3.765000000     -0.008857432      0.123489061
      3.770000000     -0.008854817      0.123460685
      3.775000000     -0.008852201      0.123432303
      3.780000000     -0.008849585      0.123403916
      3.785000000     -0.008846969      0.123375524
      3.790000000     -0.008844353      0.123347127
      3.795000000     -0.008841737      0.123318726
      3.800000000     -0.008839121      0.123290319
      3.805000000     -0.008836504      0.123261907
      3.810000000     -0.008833888      0.123233490
      3.815000000     -0.008831271      0.123205068
      3.820000000     -0.008828654      0.123176641
      3.825000000     -0.008826036      0.123148209
      3.830000000     -0.008823419      0.123119771
      3.835000000     -0.008820801      0.123091329
      3.840000000     -0.008818183      0.123062882
      3.845000000     -0.008815566      0.123034430
      3.850000000     -0.008812947      0.123005972
      3.855000000     -0.008810329      0.122977510
      3.860000000     -0.008807711      0.122949043
      3.865000000     -0.008805092      0.122920571
      3.870000000     -0.008802474      0.122892094
      3.875000000     -0.008799855      0.122863612
      3.880000000     -0.008797236      0.122835125
      3.885000000     -0.008794617      0.122806633
      3.890000000     -0.008791997      0.122778136
      3.895000000     -0.008789378      0.122749634
      3.900000000     -0.008786758      0.122721127
      3.905000000     -0.008784138      0.122692615
      3.910000000     -0.008781518      0.122664097
      3.915000000     -0.008778898      0.122635575
      3.920000000     -0.008776278      0.122607047
      3.925000000     -0.008773657      0.122578514
      3.930000000     -0.008771037      0.122549977
      3.935000000     -0.008768416      0.122521433
      3.940000000     -0.008765794      0.122492885
      3.945000000     -0.008763173      0.122464332
      3.950000000     -0.008760552      0.122435774
      3.955000000     -0.008757930      0.122407211
      3.960000000     -0.008755309      0.122378642
      3.965000000     -0.008752687      0.122350069
      3.970000000     -0.008750065      0.122321491
      3.975000000     -0.008747442      0.122292908
      3.980000000     -0.008744820      0.122264319
      3.985000000     -0.008742198      0.122235726
      3.990000000     -0.008739575      0.122207127
      3.995000000     -0.008736952      0.122178523
      4.000000000     -0.008734329      0.122149914
      4.005000000     -0.008731706      0.122121301
      4.010000000     -0.008729082      0.122092681
      4.015000000     -0.008726459      0.122064057
      4.020000000     -0.008723835      0.122035428
      4.025000000     -0.008721211      0.122006793
      4.030000000     -0.008718587      0.121978153
      4.035000000     -0.008715963      0.121949508
      4.040000000     -0.008713338      0.121920858
      4.045000000     -0.008710713      0.121892202
      4.050000000     -0.008708089      0.121863542
      4.055000000     -0.008705463      0.121834876
      4.060000000     -0.008702838      0.121806205
      4.065000000     -0.008700213      0.121777529
      4.070000000     -0.008697587      0.121748848
      4.075000000     -0.008694962      0.121720162
      4.080000000     -0.008692336      0.121691471
      4.085000000     -0.008689710      0.121662775
      4.090000000     -0.008687084      0.121634074
      4.095000000     -0.008684458      0.121605367
      4.100000000     -0.008681831      0.121576656
      4.105000000     -0.008679204      0.121547939
      4.110000000     -0.008676577      0.121519217
      4.115000000     -0.008673950      0.121490490
      4.120000000     -0.008671323      0.121461757
      4.125000000     -0.008668696      0.121433020
      4.130000000     -0.008666068      0.121404277
      4.135000000     -0.008663441      0.121375529
      4.140000000     -0.008660813      0.121346775
      4.145000000     -0.008658184      0.121318017
      4.150000000     -0.008655556      0.121289253
      4.155000000     -0.008652928      0.121260484
      4.160000000     -0.008650299      0.121231710
      4.165000000     -0.008647670      0.121202931
      4.170000000     -0.008645041      0.121174147
      4.175000000     -0.008642412      0.121145358
      4.180000000     -0.008639783      0.121116563
      4.185000000     -0.008637154      0.121087764
      4.190000000     -0.008634524      0.121058959
      4.195000000     -0.008631894      0.121030149
      4.200000000     -0.008629264      0.121001334
      4.205000000     -0.008626634      0.120972514
      4.210000000     -0.008624004      0.120943688
      4.215000000     -0.008621374      0.120914858
      4.220000000     -0.008618743      0.120886022
      4.225000000     -0.008616112      0.120857181
      4.230000000     -0.008613481      0.120828334
      4.235000000     -0.008610850      0.120799482
      4.240000000     -0.008608219      0.120770625
      4.245000000     -0.008605587      0.120741763
      4.250000000     -0.008602955      0.120712895
      4.255000000     -0.008600324      0.120684022
      4.260000000     -0.008597691      0.120655144
      4.265000000     -0.008595059      0.120626261
      4.270000000     -0.008592427      0.120597372
      4.275000000     -0.008589794      0.120568479
      4.280000000     -0.008587162      0.120539580
      4.285000000     -0.008584529      0.120510676
      4.290000000     -0.008581896      0.120481767
      4.295000000     -0.008579262      0.120452852
      4.300000000     -0.008576629      0.120423932
      4.305000000     -0.008573995      0.120395007
      4.310000000     -0.008571362      0.120366077
      4.315000000     -0.008568728      0.120337141
      4.320000000     -0.008566093      0.120308200
      4.325000000     -0.008563459      0.120279254
      4.330000000     -0.008560825      0.120250303
      4.335000000     -0.008558190      0.120221346
      4.340000000     -0.008555555      0.120192384
      4.345000000     -0.008552920      0.120163416
      4.350000000     -0.008550285      0.120134443
      4.355000000     -0.008547649      0.120105465
      4.360000000     -0.008545014      0.120076481
      4.365000000     -0.008542378      0.120047492
      4.370000000     -0.008539742      0.120018497
      4.375000000     -0.008537106      0.119989498
      4.380000000     -0.008534469      0.119960493
      4.385000000     -0.008531833      0.119931483
      4.390000000     -0.008529196      0.119902468
      4.395000000     -0.008526559      0.119873448
      4.400000000     -0.008523922      0.119844422
      4.405000000     -0.008521285      0.119815391
      4.410000000     -0.008518648      0.119786354
      4.415000000     -0.008516010      0.119757313
      4.420000000     -0.008513372      0.119728265
      4.425000000     -0.008510735      0.119699213
      4.430000000     -0.008508096      0.119670155
      4.435000000     -0.008505458      0.119641092
      4.440000000     -0.008502820      0.119612024
      4.445000000     -0.008500181      0.119582950
      4.450000000     -0.008497542      0.119553870
      4.455000000     -0.008494903      0.119524786
      4.460000000     -0.008492264      0.119495695
      4.465000000     -0.008489625      0.119466600
      4.470000000     -0.008486985      0.119437499
      4.475000000     -0.008484345      0.119408393
      4.480000000     -0.008481705      0.119379282
      4.485000000     -0.008479065      0.119350165
      4.490000000     -0.008476425      0.119321043
      4.495000000     -0.008473785      0.119291916
      4.500000000     -0.008471144      0.119262784
      4.505000000     -0.008468503      0.119233646
      4.510000000     -0.008465862      0.119204503
      4.515000000     -0.008463221      0.119175354
      4.520000000     -0.008460580      0.119146200
      4.525000000     -0.008457939      0.119117041
      4.530000000     -0.008455297      0.119087876
      4.535000000     -0.008452655      0.119058706
      4.540000000     -0.008450013      0.119029530
      4.545000000     -0.008447371      0.119000349
      4.550000000     -0.008444729      0.118971163
      4.555000000     -0.008442086      0.118941971
      4.560000000     -0.008439443      0.118912774
      4.565000000     -0.008436800      0.118883571
      4.570000000     -0.008434157      0.118854362
      4.575000000     -0.008431514      0.118825148
      4.580000000     -0.008428870      0.118795929
      4.585000000     -0.008426226      0.118766705
      4.590000000     -0.008423583      0.118737475
      4.595000000     -0.008420939      0.118708240
      4.600000000     -0.008418294      0.118679000
      4.605000000     -0.008415650      0.118649754
      4.610000000     -0.008413005      0.118620503
      4.615000000     -0.008410361      0.118591246
      4.620000000     -0.008407716      0.118561984
      4.625000000     -0.008405071      0.118532716
      4.630000000     -0.008402425      0.118503443
      4.635000000     -0.008399780      0.118474164
      4.640000000     -0.008397134      0.118444880
      4.645000000     -0.008394488      0.118415591
      4.650000000     -0.008391842      0.118386296
      4.655000000     -0.008389196      0.118356995
      4.660000000     -0.008386549      0.118327689
      4.665000000     -0.008383903      0.118298377
      4.670000000     -0.008381256      0.118269060
      4.675000000     -0.008378609      0.118239737
      4.680000000     -0.008375962      0.118210409
      4.685000000     -0.008373314      0.118181075
      4.690000000     -0.008370667      0.118151736
      4.695000000     -0.008368019      0.118122391
      4.700000000     -0.008365371      0.118093041
      4.705000000     -0.008362723      0.118063686
      4.710000000     -0.008360074      0.118034325
      4.715000000     -0.008357426      0.118004959
      4.720000000     -0.008354777      0.117975587
      4.725000000     -0.008352128      0.117946209
      4.730000000     -0.008349479      0.117916827
      4.735000000     -0.008346830      0.117887438
      4.740000000     -0.008344181      0.117858044
      4.745000000     -0.008341531      0.117828645
      4.750000000     -0.008338881      0.117799240
      4.755000000     -0.008336231      0.117769829
      4.760000000     -0.008333581      0.117740413
      4.765000000     -0.008330931      0.117710992
      4.770000000     -0.008328280      0.117681564
      4.775000000     -0.008325629      0.117652131
      4.780000000     -0.008322978      0.117622693
      4.785000000     -0.008320327      0.117593249
      4.790000000     -0.008317676      0.117563800
      4.795000000     -0.008315024      0.117534345
      4.800000000     -0.008312373      0.117504885
      4.805000000     -0.008309721      0.117475419
      4.810000000     -0.008307069      0.117445948
      4.815000000     -0.008304416      0.117416471
      4.820000000     -0.008301764      0.117386989
      4.825000000     -0.008299112      0.117357501
      4.830000000     -0.008296459      0.117328008
      4.835000000     -0.008293806      0.117298509
      4.840000000     -0.008291153      0.117269004
      4.845000000     -0.008288499      0.117239494
      4.850000000     -0.008285846      0.117209978
      4.855000000     -0.008283192      0.117180457
      4.860000000     -0.008280538      0.117150930
      4.865000000     -0.008277884      0.117121398
      4.870000000     -0.008275230      0.117091860
      4.875000000     -0.008272575      0.117062316
      4.880000000     -0.008269921      0.117032766
      4.885000000     -0.008267266      0.117003211
      4.890000000     -0.008264610      0.116973650
      4.895000000     -0.008261955      0.116944084
      4.900000000     -0.008259300      0.116914512
      4.905000000     -0.008256644      0.116884935
      4.910000000     -0.008253988      0.116855352
      4.915000000     -0.008251332      0.116825764
      4.920000000     -0.008248676      0.116796170
      4.925000000     -0.008246020      0.116766570
      4.930000000     -0.008243363      0.116736965
      4.935000000     -0.008240706      0.116707354
      4.940000000     -0.008238049      0.116677737
      4.945000000     -0.008235392      0.116648115
      4.950000000     -0.008232735      0.116618487
      4.955000000     -0.008230077      0.116588854
      4.960000000     -0.008227420      0.116559214
      4.965000000     -0.008224762      0.116529569
      4.970000000     -0.008222103      0.116499919
      4.975000000     -0.008219445      0.116470262
      4.980000000     -0.008216787      0.116440600
      4.985000000     -0.008214128      0.116410932
      4.990000000     -0.008211469      0.116381258
      4.995000000     -0.008208810      0.116351579
      5.000000000     -0.008206150      0.116321894
      5.005000000     -0.008203491      0.116292203
      5.010000000     -0.008200831      0.116262507
      5.015000000     -0.008198171      0.116232805
      5.020000000     -0.008195511      0.116203098
      5.025000000     -0.008192851      0.116173385
      5.030000000     -0.008190190      0.116143666
      5.035000000     -0.008187529      0.116113942
      5.040000000     -0.008184869      0.116084211
      5.045000000     -0.008182207      0.116054476
      5.050000000     -0.008179546      0.116024734
      5.055000000     -0.008176885      0.115994987
      5.060000000     -0.008174223      0.115965234
      5.065000000     -0.008171561      0.115935475
      5.070000000     -0.008168899      0.115905711
      5.075000000     -0.008166237      0.115875940
      5.080000000     -0.008163574      0.115846164
      5.085000000     -0.008160912      0.115816382
      5.090000000     -0.008158249      0.115786595
      5.095000000     -0.008155586      0.115756801
      5.100000000     -0.008152922      0.115727002
      5.105000000     -0.008150259      0.115697197
      5.110000000     -0.008147595      0.115667387
      5.115000000     -0.008144932      0.115637571
      5.120000000     -0.008142268      0.115607749
      5.125000000     -0.008139603      0.115577922
      5.130000000     -0.008136939      0.115548089
      5.135000000     -0.008134274      0.115518250
      5.140000000     -0.008131610      0.115488405
      5.145000000     -0.008128945      0.115458555
      5.150000000     -0.008126279      0.115428699
      5.155000000     -0.008123614      0.115398837
      5.160000000     -0.008120949      0.115368969
      5.165000000     -0.008118283      0.115339096
      5.170000000     -0.008115617      0.115309217
      5.175000000     -0.008112951      0.115279332
      5.180000000     -0.008110284      0.115249441
      5.185000000     -0.008107618      0.115219544
      5.190000000     -0.008104951      0.115189641
      5.195000000     -0.008102284      0.115159733
      5.200000000     -0.008099617      0.115129818
      5.205000000     -0.008096949      0.115099898
      5.210000000     -0.008094282      0.115069972
      5.215000000     -0.008091614      0.115040041
      5.220000000     -0.008088946      0.115010103
      5.225000000     -0.008086278      0.114980160
      5.230000000     -0.008083609      0.114950211
      5.235000000     -0.008080941      0.114920257
      5.240000000     -0.008078272      0.114890296
      5.245000000     -0.008075603      0.114860330
      5.250000000     -0.008072934      0.114830358
      5.255000000     -0.008070265      0.114800380
      5.260000000     -0.008067595      0.114770396
      5.265000000     -0.008064925      0.114740406
      5.270000000     -0.008062255      0.114710410
      5.275000000     -0.008059585      0.114680409
      5.280000000     -0.008056915      0.114650401
      5.285000000     -0.008054244      0.114620388
      5.290000000     -0.008051573      0.114590368
      5.295000000     -0.008048902      0.114560343
      5.300000000     -0.008046231      0.114530312
      5.305000000     -0.008043559      0.114500275
      5.310000000     -0.008040888      0.114470231
      5.315000000     -0.008038216      0.114440182
      5.320000000     -0.008035544      0.114410128
      5.325000000     -0.008032871      0.114380067
      5.330000000     -0.008030199      0.114350000
      5.335000000     -0.008027526      0.114319928
      5.340000000     -0.008024854      0.114289850
      5.345000000     -0.008022180      0.114259766
      5.350000000     -0.008019507      0.114229676
      5.355000000     -0.008016834      0.114199580
      5.360000000     -0.008014160      0.114169479
      5.365000000     -0.008011486      0.114139371
      5.370000000     -0.008008812      0.114109258
      5.375000000     -0.008006138      0.114079138
      5.380000000     -0.008003463      0.114049013
      5.385000000     -0.008000789      0.114018881
      5.390000000     -0.007998114      0.113988744
      5.395000000     -0.007995439      0.113958600
      5.400000000     -0.007992763      0.113928451
      5.405000000     -0.007990088      0.113898295
      5.410000000     -0.007987412      0.113868133
      5.415000000     -0.007984736      0.113837966
      5.420000000     -0.007982060      0.113807793
      5.425000000     -0.007979383      0.113777614
      5.430000000     -0.007976707      0.113747429
      5.435000000     -0.007974030      0.113717238
      5.440000000     -0.007971353      0.113687041
      5.445000000     -0.007968676      0.113656839
      5.450000000     -0.007965998      0.113626630
      5.455000000     -0.007963321      0.113596416
      5.460000000     -0.007960643      0.113566195
      5.465000000     -0.007957965      0.113535969
      5.470000000     -0.007955287      0.113505736
      5.475000000     -0.007952609      0.113475498
      5.480000000     -0.007949930      0.113445253
      5.485000000     -0.007947251      0.113415003
      5.490000000     -0.007944572      0.113384746
      5.495000000     -0.007941893      0.113354483
      5.500000000     -0.007939214      0.113324215
      5.505000000     -0.007936534      0.113293940
      5.510000000     -0.007933854      0.113263659
      5.515000000     -0.007931174      0.113233372
      5.520000000     -0.007928493      0.113203079
      5.525000000     -0.007925813      0.113172780
      5.530000000     -0.007923132      0.113142475
      5.535000000     -0.007920451      0.113112164
      5.540000000     -0.007917770      0.113081847
      5.545000000     -0.007915089      0.113051524
      5.550000000     -0.007912407      0.113021195
      5.555000000     -0.007909726      0.112990860
      5.560000000     -0.007907044      0.112960519
      5.565000000     -0.007904361      0.112930172
      5.570000000     -0.007901679      0.112899819
      5.575000000     -0.007898996      0.112869460
      5.580000000     -0.007896314      0.112839095
      5.585000000     -0.007893631      0.112808723
      5.590000000     -0.007890947      0.112778346
      5.595000000     -0.007888264      0.112747962
      5.600000000     -0.007885580      0.112717572
      5.605000000     -0.007882896      0.112687176
      5.610000000     -0.007880212      0.112656774
      5.615000000     -0.007877528      0.112626365
      5.620000000     -0.007874843      0.112595951
      5.625000000     -0.007872158      0.112565530
      5.630000000     -0.007869473      0.112535103
      5.635000000     -0.007866788      0.112504670
      5.640000000     -0.007864102      0.112474232
      5.645000000     -0.007861417      0.112443787
      5.650000000     -0.007858731      0.112413336
      5.655000000     -0.007856045      0.112382879
      5.660000000     -0.007853359      0.112352415
      5.665000000     -0.007850672      0.112321946
      5.670000000     -0.007847985      0.112291471
      5.675000000     -0.007845299      0.112260989
      5.680000000     -0.007842611      0.112230501
      5.685000000     -0.007839924      0.112200007
      5.690000000     -0.007837237      0.112169507
      5.695000000     -0.007834549      0.112139001
      5.700000000     -0.007831861      0.112108488
      5.705000000     -0.007829172      0.112077970
      5.710000000     -0.007826484      0.112047445
      5.715000000     -0.007823795      0.112016913
      5.720000000     -0.007821106      0.111986376
      5.725000000     -0.007818417      0.111955832
      5.730000000     -0.007815728      0.111925282
      5.735000000     -0.007813038      0.111894727
      5.740000000     -0.007810349      0.111864165
      5.745000000     -0.007807659      0.111833597
      5.750000000     -0.007804968      0.111803022
      5.755000000     -0.007802278      0.111772442
      5.760000000     -0.007799587      0.111741855
      5.765000000     -0.007796897      0.111711263
      5.770000000     -0.007794206      0.111680664
      5.775000000     -0.007791514      0.111650059
      5.780000000     -0.007788823      0.111619447
      5.785000000     -0.007786131      0.111588830
      5.790000000     -0.007783439      0.111558206
      5.795000000     -0.007780747      0.111527576
      5.800000000     -0.007778055      0.111496940
      5.805000000     -0.007775362      0.111466297
      5.810000000     -0.007772670      0.111435648
      5.815000000     -0.007769977      0.111404993
      5.820000000     -0.007767283      0.111374332
      5.825000000     -0.007764590      0.111343664
      5.830000000     -0.007761896      0.111312989
      5.835000000     -0.007759202      0.111282309
      5.840000000     -0.007756508      0.111251622
      5.845000000     -0.007753814      0.111220929
      5.850000000     -0.007751119      0.111190230
      5.855000000     -0.007748424      0.111159525
      5.860000000     -0.007745729      0.111128814
      5.865000000     -0.007743034      0.111098096
      5.870000000     -0.007740339      0.111067372
      5.875000000     -0.007737643      0.111036641
      5.880000000     -0.007734947      0.111005905
      5.885000000     -0.007732251      0.110975162
      5.890000000     -0.007729555      0.110944412
      5.895000000     -0.007726858      0.110913657
      5.900000000     -0.007724161      0.110882895
      5.905000000     -0.007721464      0.110852126
      5.910000000     -0.007718767      0.110821351
      5.915000000     -0.007716070      0.110790570
      5.920000000     -0.007713372      0.110759782
      5.925000000     -0.007710674      0.110728988
      5.930000000     -0.007707976      0.110698188
      5.935000000     -0.007705277      0.110667381
      5.940000000     -0.007702579      0.110636567
      5.945000000     -0.007699880      0.110605748
      5.950000000     -0.007697181      0.110574922
      5.955000000     -0.007694481      0.110544090
      5.960000000     -0.007691782      0.110513251
      5.965000000     -0.007689082      0.110482406
      5.970000000     -0.007686382      0.110451555
      5.975000000     -0.007683682      0.110420698
      5.980000000     -0.007680981      0.110389834
      5.985000000     -0.007678281      0.110358963
      5.990000000     -0.007675580      0.110328087
      5.995000000     -0.007672879      0.110297204
      6.000000000     -0.007670177      0.110266314
      6.005000000     -0.007667476      0.110235418
      6.010000000     -0.007664774      0.110204516
      6.015000000     -0.007662072      0.110173607
      6.020000000     -0.007659370      0.110142692
      6.025000000     -0.007656667      0.110111770
      6.030000000     -0.007653964      0.110080841
      6.035000000     -0.007651261      0.110049906
      6.040000000     -0.007648558      0.110018965
      6.045000000     -0.007645855      0.109988017
      6.050000000     -0.007643151      0.109957063
      6.055000000     -0.007640447      0.109926103
      6.060000000     -0.007637743      0.109895136
      6.065000000     -0.007635039      0.109864163
      6.070000000     -0.007632334      0.109833184
      6.075000000     -0.007629629      0.109802198
      6.080000000     -0.007626924      0.109771205
      6.085000000     -0.007624219      0.109740207
      6.090000000     -0.007621514      0.109709201
      6.095000000     -0.007618808      0.109678190
      6.100000000     -0.007616102      0.109647171
      6.105000000     -0.007613396      0.109616147
      6.110000000     -0.007610690      0.109585115
      6.115000000     -0.007607983      0.109554077
      6.120000000     -0.007605276      0.109523033
      6.125000000     -0.007602569      0.109491982
      6.130000000     -0.007599862      0.109460925
      6.135000000     -0.007597154      0.109429861
      6.140000000     -0.007594446      0.109398790
      6.145000000     -0.007591738      0.109367713
      6.150000000     -0.007589030      0.109336629
      6.155000000     -0.007586321      0.109305538
      6.160000000     -0.007583613      0.109274442
      6.165000000     -0.007580904      0.109243339
      6.170000000     -0.007578195      0.109212229
      6.175000000     -0.007575485      0.109181113
      6.180000000     -0.007572776      0.109149991
      6.185000000     -0.007570066      0.109118863
      6.190000000     -0.007567356      0.109087728
      6.195000000     -0.007564646      0.109056586
      6.200000000     -0.007561935      0.109025438
      6.205000000     -0.007559225      0.108994284
      6.210000000     -0.007556514      0.108963123
      6.215000000     -0.007553803      0.108931956
      6.220000000     -0.007551092      0.108900782
      6.225000000     -0.007548380      0.108869602
      6.230000000     -0.007545668      0.108838415
      6.235000000     -0.007542957      0.108807222
      6.240000000     -0.007540244      0.108776023
      6.245000000     -0.007537532      0.108744817
      6.250000000     -0.007534820      0.108713604
      6.255000000     -0.007532107      0.108682385
      6.260000000     -0.007529394      0.108651160
      6.265000000     -0.007526681      0.108619929
      6.270000000     -0.007523968      0.108588691
      6.275000000     -0.007521254      0.108557447
      6.280000000     -0.007518541      0.108526197
      6.285000000     -0.007515827      0.108494941
      6.290000000     -0.007513113      0.108463678
      6.295000000     -0.007510399      0.108432409
      6.300000000     -0.007507685      0.108401134
      6.305000000     -0.007504970      0.108369852
      6.310000000     -0.007502256      0.108338564
      6.315000000     -0.007499541      0.108307270
      6.320000000     -0.007496826      0.108275970
      6.325000000     -0.007494111      0.108244663
      6.330000000     -0.007491395      0.108213350
      6.335000000     -0.007488680      0.108182031
      6.340000000     -0.007485964      0.108150704
      6.345000000     -0.007483248      0.108119372
      6.350000000     -0.007480532      0.108088033
      6.355000000     -0.007477816      0.108056688
      6.360000000     -0.007475099      0.108025335
      6.365000000     -0.007472383      0.107993977
      6.370000000     -0.007469666      0.107962612
      6.375000000     -0.007466949      0.107931241
      6.380000000     -0.007464232      0.107899863
      6.385000000     -0.007461514      0.107868479
      6.390000000     -0.007458796      0.107837088
      6.395000000     -0.007456078      0.107805691
      6.400000000     -0.007453360      0.107774286
      6.405000000     -0.007450642      0.107742876
      6.410000000     -0.007447923      0.107711458
      6.415000000     -0.007445205      0.107680034
      6.420000000     -0.007442485      0.107648604
      6.425000000     -0.007439766      0.107617167
      6.430000000     -0.007437047      0.107585723
      6.435000000     -0.007434327      0.107554272
      6.440000000     -0.007431607      0.107522814
      6.445000000     -0.007428887      0.107491350
      6.450000000     -0.007426166      0.107459879
      6.455000000     -0.007423446      0.107428401
      6.460000000     -0.007420725      0.107396916
      6.465000000     -0.007418004      0.107365425
      6.470000000     -0.007415282      0.107333926
      6.475000000     -0.007412560      0.107302421
      6.480000000     -0.007409839      0.107270909
      6.485000000     -0.007407116      0.107239391
      6.490000000     -0.007404394      0.107207865
      6.495000000     -0.007401671      0.107176332
      6.500000000     -0.007398948      0.107144792
      6.505000000     -0.007396225      0.107113246
      6.510000000     -0.007393502      0.107081692
      6.515000000     -0.007390778      0.107050132
      6.520000000     -0.007388054      0.107018565
      6.525000000     -0.007385330      0.106986991
      6.530000000     -0.007382605      0.106955410
      6.535000000     -0.007379880      0.106923822
      6.540000000     -0.007377155      0.106892228
      6.545000000     -0.007374430      0.106860626
      6.550000000     -0.007371705      0.106829018
      6.555000000     -0.007368979      0.106797402
      6.560000000     -0.007366253      0.106765779
      6.565000000     -0.007363527      0.106734150
      6.570000000     -0.007360800      0.106702513
      6.575000000     -0.007358073      0.106670870
      6.580000000     -0.007355346      0.106639220
      6.585000000     -0.007352619      0.106607563
      6.590000000     -0.007349891      0.106575899
      6.595000000     -0.007347164      0.106544228
      6.600000000     -0.007344436      0.106512550
      6.605000000     -0.007341707      0.106480865
      6.610000000     -0.007338979      0.106449173
      6.615000000     -0.007336250      0.106417474
      6.620000000     -0.007333521      0.106385768
      6.625000000     -0.007330791      0.106354055
      6.630000000     -0.007328062      0.106322335
      6.635000000     -0.007325332      0.106290608
      6.640000000     -0.007322602      0.106258874
      6.645000000     -0.007319871      0.106227133
      6.650000000     -0.007317141      0.106195385
      6.655000000     -0.007314410      0.106163629
      6.660000000     -0.007311678      0.106131867
      6.665000000     -0.007308947      0.106100098
      6.670000000     -0.007306215      0.106068321
      6.675000000     -0.007303483      0.106036538
      6.680000000     -0.007300751      0.106004748
      6.685000000     -0.007298018      0.105972950
      6.690000000     -0.007295286      0.105941146
      6.695000000     -0.007292553      0.105909335
      6.700000000     -0.007289819      0.105877516
      6.705000000     -0.007287086      0.105845690
      6.710000000     -0.007284352      0.105813857
      6.715000000     -0.007281618      0.105782017
      6.720000000     -0.007278883      0.105750170
      6.725000000     -0.007276149      0.105718316
      6.730000000     -0.007273414      0.105686454
      6.735000000     -0.007270679      0.105654586
      6.740000000     -0.007267943      0.105622711
      6.745000000     -0.007265208      0.105590829
      6.750000000     -0.007262472      0.105558939
      6.755000000     -0.007259735      0.105527042
      6.760000000     -0.007256999      0.105495138
      6.765000000     -0.007254262      0.105463227
      6.770000000     -0.007251525      0.105431308
      6.775000000     -0.007248788      0.105399383
      6.780000000     -0.007246050      0.105367450
      6.785000000     -0.007243312      0.105335511
      6.790000000     -0.007240574      0.105303564
      6.795000000     -0.007237836      0.105271610
      6.800000000     -0.007235097      0.105239649
      6.805000000     -0.007232359      0.105207681
      6.810000000     -0.007229619      0.105175705
      6.815000000     -0.007226880      0.105143722
      6.820000000     -0.007224140      0.105111732
      6.825000000     -0.007221400      0.105079735
      6.830000000     -0.007218660      0.105047731
      6.835000000     -0.007215920      0.105015720
      6.840000000     -0.007213179      0.104983701
      6.845000000     -0.007210438      0.104951675
      6.850000000     -0.007207696      0.104919641
      6.855000000     -0.007204955      0.104887601
      6.860000000     -0.007202213      0.104855553
      6.865000000     -0.007199471      0.104823497
      6.870000000     -0.007196728      0.104791435
      6.875000000     -0.007193986      0.104759366
      6.880000000     -0.007191243      0.104727289
      6.885000000     -0.007188499      0.104695205
      6.890000000     -0.007185756      0.104663114
      6.895000000     -0.007183012      0.104631015
      6.900000000     -0.007180268      0.104598909
      6.905000000     -0.007177524      0.104566796
      6.910000000     -0.007174779      0.104534675
      6.915000000     -0.007172034      0.104502547
      6.920000000     -0.007169289      0.104470412
      6.925000000     -0.007166543      0.104438270
      6.930000000     -0.007163798      0.104406120
      6.935000000     -0.007161052      0.104373963
      6.940000000     -0.007158305      0.104341798
      6.945000000     -0.007155559      0.104309627
      6.950000000     -0.007152812      0.104277448
      6.955000000     -0.007150101      0.104245464
      6.960000000     -0.007147461      0.104213879
      6.965000000     -0.007144930      0.104182893
      6.970000000     -0.007142541      0.104152710
      6.975000000     -0.007140332      0.104123532
      6.980000000     -0.007138339      0.104095563
      6.985000000     -0.007136599      0.104069003
      6.990000000     -0.007135147      0.104044058
      6.995000000     -0.007134020      0.104020931
      7.000000000     -0.007133255      0.103999825
      7.005000000     -0.007132890      0.103980947
      7.010000000     -0.007132962      0.103964501
      7.015000000     -0.007133508      0.103950696
      7.020000000     -0.007134567      0.103939737
      7.025000000     -0.007136177      0.103931834
      7.030000000     -0.007138378      0.103927198
      7.035000000     -0.007141208      0.103926039
      7.040000000     -0.007144707      0.103928570
      7.045000000     -0.007148917      0.103935005
      7.050000000     -0.007153878      0.103945561
      7.055000000     -0.007159631      0.103960453
      7.060000000     -0.007166219      0.103979904
      7.065000000     -0.007173685      0.104004132
      7.070000000     -0.007182072      0.104033363
      7.075000000     -0.007191426      0.104067823
      7.080000000     -0.007201791      0.104107739
      7.085000000     -0.007213214      0.104153343
      7.090000000     -0.007225741      0.104204867
      7.095000000     -0.007239422      0.104262549
      7.100000000     -0.007254304      0.104326626
      7.105000000     -0.007270439      0.104397343
      7.110000000     -0.007287877      0.104474943
      7.115000000     -0.007306672      0.104559676
      7.120000000     -0.007326877      0.104651794
      7.125000000     -0.007348547      0.104751555
      7.130000000     -0.007371660      0.104858785
      7.135000000     -0.007396193      0.104973315
      7.140000000     -0.007422122      0.105094974
      7.145000000     -0.007449426      0.105223591
      7.150000000     -0.007478082      0.105358995
      7.155000000     -0.007508067      0.105501018
      7.160000000     -0.007539360      0.105649487
      7.165000000     -0.007571937      0.105804233
      7.170000000     -0.007605776      0.105965084
      7.175000000     -0.007640855      0.106131868
      7.180000000     -0.007677151      0.106304416
      7.185000000     -0.007714641      0.106482553
      7.190000000     -0.007753304      0.106666107
      7.195000000     -0.007793115      0.106854903
      7.200000000     -0.007834051      0.107048768
      7.205000000     -0.007876090      0.107247525
      7.210000000     -0.007919208      0.107450996
      7.215000000     -0.007963379      0.107659005
      7.220000000     -0.008008581      0.107871371
      7.225000000     -0.008054788      0.108087913
      7.230000000     -0.008101976      0.108308449
      7.235000000     -0.008150119      0.108532794
      7.240000000     -0.008199190      0.108760763
      7.245000000     -0.008249164      0.108992167
      7.250000000     -0.008300013      0.109226816
      7.255000000     -0.008351709      0.109464518
      7.260000000     -0.008404224      0.109705079
      7.265000000     -0.008457529      0.109948300
      7.270000000     -0.008511595      0.110193983
      7.275000000     -0.008566389      0.110441925
      7.280000000     -0.008621882      0.110691920
      7.285000000     -0.008678041      0.110943761
      7.290000000     -0.008734831      0.111197235
      7.295000000     -0.008792220      0.111452127
      7.300000000     -0.008850170      0.111708218
      7.305000000     -0.008908690      0.111965517
      7.310000000     -0.008967787      0.112224027
      7.315000000     -0.009027467      0.112483756
      7.320000000     -0.009087738      0.112744711
      7.325000000     -0.009148608      0.113006897
      7.330000000     -0.009210084      0.113270320
      7.335000000     -0.009272174      0.113534989
      7.340000000     -0.009334886      0.113800907
      7.345000000     -0.009398228      0.114068083
      7.350000000     -0.009462208      0.114336522
      7.355000000     -0.009526835      0.114606242
      7.360000000     -0.009592124      0.114877275
      7.365000000     -0.009658086      0.115149650
      7.370000000     -0.009724736      0.115423402
      7.375000000     -0.009792087      0.115698563
      7.380000000     -0.009860153      0.115975166
      7.385000000     -0.009928949      0.116253247
      7.390000000     -0.009998490      0.116532840
      7.395000000     -0.010068790      0.116813981
      7.400000000     -0.010139866      0.117096708
      7.405000000     -0.010211733      0.117381056
      7.410000000     -0.010284408      0.117667064
      7.415000000     -0.010357908      0.117954771
      7.420000000     -0.010432249      0.118244217
      7.425000000     -0.010507449      0.118535442
      7.430000000     -0.010583527      0.118828487
      7.435000000     -0.010660500      0.119123395
      7.440000000     -0.010738389      0.119420208
      7.445000000     -0.010817212      0.119718970
      7.450000000     -0.010896989      0.120019727
      7.455000000     -0.010977741      0.120322523
      7.460000000     -0.011059489      0.120627406
      7.465000000     -0.011142255      0.120934423
      7.470000000     -0.011226061      0.121243622
      7.475000000     -0.011310929      0.121555054
      7.480000000     -0.011396883      0.121868770
      7.485000000     -0.011483947      0.122184819
      7.490000000     -0.011572145      0.122503256
      7.495000000     -0.011661504      0.122824134
      7.500000000     -0.011752048      0.123147509
      7.505000000     -0.011843805      0.123473436
      7.510000000     -0.011936802      0.123801973
      7.515000000     -0.012031067      0.124133177
      7.520000000     -0.012126629      0.124467109
      7.525000000     -0.012223517      0.124803829
      7.530000000     -0.012321761      0.125143387
      7.535000000     -0.012421387      0.125485822
      7.540000000     -0.012522422      0.125831174
      7.545000000     -0.012624896      0.126179482
      7.550000000     -0.012728836      0.126530785
      7.555000000     -0.012834273      0.126885126
      7.560000000     -0.012941237      0.127242546
      7.565000000     -0.013049760      0.127603086
      7.570000000     -0.013159874      0.127966790
      7.575000000     -0.013271612      0.128333701
      7.580000000     -0.013385007      0.128703863
      7.585000000     -0.013500095      0.129077322
      7.590000000     -0.013616912      0.129454123
      7.595000000     -0.013735494      0.129834311
      7.600000000     -0.013855878      0.130217935
      7.605000000     -0.013978105      0.130605041
      7.610000000     -0.014102213      0.130995677
      7.615000000     -0.014228245      0.131389893
      7.620000000     -0.014356241      0.131787737
      7.625000000     -0.014486245      0.132189260
      7.630000000     -0.014618303      0.132594513
      7.635000000     -0.014752459      0.133003547
      7.640000000     -0.014888762      0.133416413
      7.645000000     -0.015027259      0.133833166
      7.650000000     -0.015168001      0.134253857
      7.655000000     -0.015311039      0.134678541
      7.660000000     -0.015456426      0.135107272
      7.665000000     -0.015604216      0.135540105
      7.670000000     -0.015754467      0.135977095
      7.675000000     -0.015907235      0.136418298
      7.680000000     -0.016062580      0.136863770
      7.685000000     -0.016220563      0.137313568
      7.690000000     -0.016381249      0.137767749
      7.695000000     -0.016544701      0.138226371
      7.700000000     -0.016710988      0.138689493
      7.705000000     -0.016880178      0.139157171
      7.710000000     -0.017052343      0.139629465
      7.715000000     -0.017227557      0.140106434
      7.720000000     -0.017405896      0.140588136
      7.725000000     -0.017587438      0.141074631
      7.730000000     -0.017772264      0.141565977
      7.735000000     -0.017960458      0.142062234
      7.740000000     -0.018152107      0.142563462
      7.745000000     -0.018347298      0.143069718
      7.750000000     -0.018546125      0.143581062
      7.755000000     -0.018748682      0.144097553
      7.760000000     -0.018955067      0.144619248
      7.765000000     -0.019165382      0.145146206
      7.770000000     -0.019379732      0.145678485
      7.775000000     -0.019598225      0.146216140
      7.780000000     -0.019820973      0.146759228
      7.785000000     -0.020048092      0.147307805
      7.790000000     -0.020279703      0.147861925
      7.795000000     -0.020515928      0.148421641
      7.800000000     -0.020756896      0.148987006
      7.805000000     -0.021002740      0.149558071
      7.810000000     -0.021253598      0.150134885
      7.815000000     -0.021509612      0.150717498
      7.820000000     -0.021770929      0.151305956
      7.825000000     -0.022037702      0.151900303
      7.830000000     -0.022310088      0.152500581
      7.835000000     -0.022588252      0.153106832
      7.840000000     -0.022872363      0.153719094
      7.845000000     -0.023162597      0.154337401
      7.850000000     -0.023459137      0.154961789
      7.855000000     -0.023762172      0.155592287
      7.860000000     -0.024071896      0.156228920
      7.865000000     -0.024388516      0.156871715
      7.870000000     -0.024712241      0.157520691
      7.875000000     -0.025043289      0.158175862
      7.880000000     -0.025381890      0.158837242
      7.885000000     -0.025728278      0.159504839
      7.890000000     -0.026082698      0.160178655
      7.895000000     -0.026445405      0.160858688
      7.900000000     -0.026816664      0.161544931
      7.905000000     -0.027196908      0.162237746
      7.910000000     -0.027586435      0.162937134
      7.915000000     -0.027985555      0.163643085
      7.920000000     -0.028394587      0.164355582
      7.925000000     -0.028813868      0.165074607
      7.930000000     -0.029243745      0.165800130
      7.935000000     -0.029684581      0.166532115
      7.940000000     -0.030136753      0.167270521
      7.945000000     -0.030600656      0.168015296
      7.950000000     -0.031076718      0.168766391
      7.955000000     -0.031565368      0.169523743
      7.960000000     -0.032067056      0.170287274
      7.965000000     -0.032582249      0.171056897
      7.970000000     -0.033111435      0.171832518
      7.975000000     -0.033655121      0.172614025
      7.980000000     -0.034213839      0.173401298
      7.985000000     -0.034788141      0.174194202
      7.990000000     -0.035378606      0.174992590
      7.995000000     -0.035985837      0.175796302
      8.000000000     -0.036610485      0.176605173
      8.005000000     -0.037253214      0.177419016
      8.010000000     -0.037914712      0.178237621
      8.015000000     -0.038595698      0.179060761
      8.020000000     -0.039296927      0.179888192
      8.025000000     -0.040019183      0.180719645
      8.030000000     -0.040763284      0.181554832
      8.035000000     -0.041530089      0.182393443
      8.040000000     -0.042320491      0.183235139
      8.045000000     -0.043135422      0.184079556
      8.050000000     -0.043975897      0.184926341
      8.055000000     -0.044842940      0.185775076
      8.060000000     -0.045737613      0.186625309
      8.065000000     -0.046661029      0.187476561
      8.070000000     -0.047614347      0.188328311
      8.075000000     -0.048598769      0.189179998
      8.080000000     -0.049615392      0.190030649
      8.085000000     -0.050665509      0.190879603
      8.090000000     -0.051750459      0.191726152
      8.095000000     -0.052871638      0.192569539
      8.100000000     -0.054030499      0.193409047
      8.105000000     -0.055228676      0.194244572
      8.110000000     -0.056467841      0.195076385
      8.115000000     -0.057749745      0.195904761
      8.120000000     -0.059076231      0.196729986
      8.125000000     -0.060449215      0.197552339
      8.130000000     -0.061870725      0.198372114
      8.135000000     -0.063342888      0.199189612
      8.140000000     -0.064867930      0.200005133
      8.145000000     -0.066448190      0.200818981
      8.150000000     -0.068086107      0.201631455
      8.155000000     -0.069784375      0.202442962
      8.160000000     -0.071545679      0.203253801
      8.165000000     -0.073372807      0.204064250
      8.170000000     -0.075268644      0.204874566
      8.175000000     -0.077236165      0.205684968
      8.180000000     -0.079278444      0.206495648
      8.185000000     -0.081398623      0.207306748
      8.190000000     -0.083599917      0.208118364
      8.195000000     -0.085885561      0.208930513
      8.200000000     -0.088258787      0.209743126
      8.205000000     -0.090723103      0.210556226
      8.210000000     -0.093281670      0.211369540
      8.215000000     -0.095937495      0.212182649
      8.220000000     -0.098693390      0.212994974
      8.225000000     -0.101551801      0.213805697
      8.230000000     -0.104514789      0.214613800
      8.235000000     -0.107583904      0.215418023
      8.240000000     -0.110760004      0.216216802
      8.245000000     -0.114043107      0.217008245
      8.250000000     -0.117432864      0.217790416
      8.255000000     -0.120927220      0.218560710
      8.260000000     -0.124522756      0.219316116
      8.265000000     -0.128214585      0.220053225
      8.270000000     -0.131996147      0.220768205
      8.275000000     -0.135859132      0.221456744
      8.280000000     -0.139820702      0.222138918
      8.285000000     -0.143987171      0.222869223
      8.290000000     -0.148466779      0.223683566
      8.295000000     -0.153273606      0.224579588
      8.300000000     -0.158416873      0.225552957
      8.305000000     -0.163894793      0.226595581
      8.310000000     -0.169691513      0.227695220
      8.315000000     -0.175775847      0.228835733
      8.320000000     -0.182094933      0.229995648
      8.325000000     -0.188578220      0.231149937
      8.330000000     -0.195144570      0.232272178
      8.335000000     -0.201712480      0.233337454
      8.340000000     -0.207611802      0.235152550
      8.345000000     -0.213208592      0.236811862
      8.350000000     -0.218486505      0.238318220
      8.355000000     -0.223437249      0.239675455
      8.360000000     -0.228056583      0.240887411
      8.365000000     -0.232342703      0.241957657
      8.370000000     -0.236295232      0.242889370
      8.375000000     -0.239914677      0.243685328
      8.380000000     -0.243201485      0.244347673
      8.385000000     -0.246156424      0.244878350
      8.390000000     -0.248780374      0.245279043
      8.395000000     -0.251072191      0.245550670
      8.400000000     -0.253033555      0.245694825
      8.405000000     -0.254665901      0.245712969
      8.410000000     -0.255970494      0.245606502
      8.415000000     -0.256948763      0.245376897
      8.420000000     -0.257602672      0.245025826
      8.425000000     -0.257934050      0.244554860
      8.430000000     -0.257946075      0.243966138
      8.435000000     -0.257642909      0.243262133
      8.440000000     -0.257029807      0.242445654
      8.445000000     -0.256110887      0.241519206
      8.450000000     -0.254895653      0.240486753
      8.455000000     -0.253366718      0.239326888
      8.460000000     -0.251416615      0.237983144
      8.465000000     -0.248935294      0.236417448
      8.470000000     -0.245906448      0.234629848
      8.475000000     -0.242317932      0.232622132
      8.480000000     -0.238164997      0.230398836
      8.485000000     -0.233462263      0.227969986
      8.490000000     -0.228236467      0.225348480
      8.495000000     -0.222534671      0.222551985
      8.500000000     -0.216420687      0.219601219
      8.505000000     -0.209964134      0.216516728
      8.510000000     -0.203241134      0.213318658
      8.515000000     -0.196909563      0.209192796
      8.520000000     -0.190585774      0.205035358
      8.525000000     -0.184272195      0.200832755
      8.530000000     -0.177351685      0.197953608
      8.535000000     -0.170588424      0.195105245
      8.540000000     -0.163982972      0.192285041
      8.545000000     -0.157534253      0.189490887
      8.550000000     -0.151240152      0.186721219
      8.555000000     -0.145098170      0.183975066
      8.560000000     -0.139105668      0.181251995
      8.565000000     -0.133259897      0.178552032
      8.570000000     -0.127560171      0.175876177
      8.575000000     -0.122003149      0.173224998
      8.580000000     -0.116586007      0.170599474
      8.585000000     -0.111306456      0.168000939
      8.590000000     -0.106162589      0.165430996
      8.595000000     -0.101152661      0.162891425
      8.600000000     -0.096274801      0.160383203
      8.605000000     -0.091527422      0.157907500
      8.610000000     -0.086909681      0.155466623
      8.615000000     -0.082420974      0.153062995
      8.620000000     -0.078063363      0.150699818
      8.625000000     -0.073835130      0.148379269
      8.630000000     -0.069735709      0.146103898
      8.635000000     -0.065765349      0.143876522
      8.640000000     -0.061924792      0.141700141
      8.645000000     -0.058215031      0.139577890
      8.650000000     -0.054637589      0.137513129
      8.655000000     -0.051197429      0.135510219
      8.660000000     -0.047894039      0.133572168
      8.665000000     -0.044729954      0.131703016
      8.670000000     -0.041708875      0.129907347
      8.675000000     -0.038835274      0.128190264
      8.680000000     -0.036118077      0.126558318
      8.685000000     -0.033560014      0.125017061
      8.690000000     -0.031170535      0.123574721
      8.695000000     -0.028964240      0.122241507
      8.700000000     -0.026951881      0.121029018
      8.705000000     -0.025755575      0.118565685
      8.710000000     -0.024611929      0.116141266
      8.715000000     -0.023518601      0.113755801
      8.720000000     -0.022473357      0.111409280
      8.725000000     -0.021474064      0.109101649
      8.730000000     -0.020518680      0.106832800
      8.735000000     -0.019605259      0.104602594
      8.740000000     -0.018731940      0.102410849
      8.745000000     -0.017896945      0.100257345
      8.750000000     -0.017098577      0.098141835
      8.755000000     -0.016335215      0.096064040
      8.760000000     -0.015605309      0.094023653
      8.765000000     -0.014907379      0.092020343
      8.770000000     -0.014240011      0.090053754
      8.775000000     -0.013602340      0.088124512
      8.780000000     -0.012993495      0.086233170
      8.785000000     -0.012412161      0.084379252
      8.790000000     -0.011857085      0.082562270
      8.795000000     -0.011327068      0.080781718
      8.800000000     -0.010820968      0.079037084
      8.805000000     -0.010337697      0.077327846
      8.810000000     -0.009876213      0.075653470
      8.815000000     -0.009435527      0.074013423
      8.820000000     -0.009014693      0.072407162
      8.825000000     -0.008612806      0.070834139
      8.830000000     -0.008229006      0.069293810
      8.835000000     -0.007862472      0.067785624
      8.840000000     -0.007512420      0.066309029
      8.845000000     -0.007178100      0.064863477
      8.850000000     -0.006858801      0.063448420
      8.855000000     -0.006553839      0.062063309
      8.860000000     -0.006262567      0.060707599
      8.865000000     -0.005984362      0.059380751
      8.870000000     -0.005718634      0.058082225
      8.875000000     -0.005464818      0.056811488
      8.880000000     -0.005222374      0.055568012
      8.885000000     -0.004990788      0.054351270
      8.890000000     -0.004769570      0.053160745
      8.895000000     -0.004558251      0.051995923
      8.900000000     -0.004356384      0.050856298
      8.905000000     -0.004163541      0.049741367
      8.910000000     -0.003979316      0.048650638
      8.915000000     -0.003803321      0.047583623
      8.920000000     -0.003635183      0.046539839
      8.925000000     -0.003474550      0.045518813
      8.930000000     -0.003321082      0.044520079
      8.935000000     -0.003174457      0.043543174
      8.940000000     -0.003034368      0.042587648
      8.945000000     -0.002900519      0.041653054
      8.950000000     -0.002772631      0.040738955
      8.955000000     -0.002650435      0.039844919
      8.960000000     -0.002533676      0.038970524
      8.965000000     -0.002422110      0.038115353
      8.970000000     -0.002315503      0.037278998
      8.975000000     -0.002213632      0.036461059
      8.980000000     -0.002116287      0.035661140
      8.985000000     -0.002023263      0.034878856
      8.990000000     -0.001934366      0.034113827
      8.995000000     -0.001849413      0.033365680
      9.000000000     -0.001768227      0.032634052
      9.005000000     -0.001690638      0.031918585
      9.010000000     -0.001616486      0.031218926
      9.015000000     -0.001545618      0.030534732
      9.020000000     -0.001477886      0.029865666
      9.025000000     -0.001413150      0.029211398
      9.030000000     -0.001351277      0.028571603
      9.035000000     -0.001292139      0.027945965
      9.040000000     -0.001235614      0.027334172
      9.045000000     -0.001181585      0.026735921
      9.050000000     -0.001129941      0.026150913
      9.055000000     -0.001080576      0.025578856
      9.060000000     -0.001033388      0.025019465
      9.065000000     -0.000988280      0.024472460
      9.070000000     -0.000945160      0.023937567
      9.075000000     -0.000903939      0.023414519
      9.080000000     -0.000864533      0.022903052
      9.085000000     -0.000826862      0.022402910
      9.090000000     -0.000790847      0.021913842
      9.095000000     -0.000756417      0.021435601
      9.100000000     -0.000723499      0.020967948
      9.105000000     -0.000692028      0.020510647
      9.110000000     -0.000661938      0.020063466
      9.115000000     -0.000633170      0.019626183
      9.120000000     -0.000605663      0.019198575
      9.125000000     -0.000579363      0.018780427
      9.130000000     -0.000554216      0.018371529
      9.135000000     -0.000530171      0.017971674
      9.140000000     -0.000507179      0.017580661
      9.145000000     -0.000485193      0.017198293
      9.150000000     -0.000464170      0.016824376
      9.155000000     -0.000444066      0.016458721
      9.160000000     -0.000424841      0.016101146
      9.165000000     -0.000406457      0.015751468
      9.170000000     -0.000388875      0.015409512
      9.175000000     -0.000372062      0.015075106
      9.180000000     -0.000355982      0.014748080
      9.185000000     -0.000340604      0.014428270
      9.190000000     -0.000325896      0.014115515
      9.195000000     -0.000311830      0.013809657
      9.200000000     -0.000298377      0.013510542
      9.205000000     -0.000285509      0.013218020
      9.210000000     -0.000273202      0.012931942
      9.215000000     -0.000261430      0.012652166
      9.220000000     -0.000250170      0.012378551
      9.225000000     -0.000239400      0.012110959
      9.230000000     -0.000229098      0.011849255
      9.235000000     -0.000219244      0.011593308
      9.240000000     -0.000209817      0.011342990
      9.245000000     -0.000200800      0.011098175
      9.250000000     -0.000192174      0.010858740
      9.255000000     -0.000183922      0.010624565
      9.260000000     -0.000176027      0.010395533
      9.265000000     -0.000168475      0.010171528
      9.270000000     -0.000161250      0.009952440
      9.275000000     -0.000154338      0.009738158
      9.280000000     -0.000147725      0.009528575
      9.285000000     -0.000141397      0.009323586
      9.290000000     -0.000135344      0.009123090
      9.295000000     -0.000129552      0.008926985
      9.300000000     -0.000124010      0.008735175
      9.305000000     -0.000118708      0.008547563
      9.310000000     -0.000113635      0.008364056
      9.315000000     -0.000108780      0.008184564
      9.320000000     -0.000104135      0.008008995
      9.325000000     -0.000099690      0.007837264
      9.330000000     -0.000095436      0.007669285
      9.335000000     -0.000091366      0.007504974
      9.340000000     -0.000087471      0.007344251
      9.345000000     -0.000083744      0.007187035
      9.350000000     -0.000080177      0.007033248
      9.355000000     -0.000076763      0.006882815
      9.360000000     -0.000073496      0.006735660
      9.365000000     -0.000070370      0.006591712
      9.370000000     -0.000067378      0.006450899
      9.375000000     -0.000064514      0.006313151
      9.380000000     -0.000061773      0.006178401
      9.385000000     -0.000059149      0.006046583
      9.390000000     -0.000056639      0.005917631
      9.395000000     -0.000053676      0.005776123
      9.400000000     -0.000050899      0.005638942
      9.405000000     -0.000048296      0.005505940
      9.410000000     -0.000045854      0.005376976
      9.415000000     -0.000043563      0.005251911
      9.420000000     -0.000041412      0.005130612
      9.425000000     -0.000039393      0.005012954
      9.430000000     -0.000037495      0.004898812
      9.435000000     -0.000035711      0.004788068
      9.440000000     -0.000034035      0.004680609
      9.445000000     -0.000032457      0.004576323
      9.450000000     -0.000030973      0.004475106
      9.455000000     -0.000029575      0.004376854
      9.460000000     -0.000028259      0.004281470
      9.465000000     -0.000027018      0.004188858
      9.470000000     -0.000025849      0.004098927
      9.475000000     -0.000024746      0.004011588
